(>[1,2,3,4,5,6,7,8](AnchorFTA[1,2,3,4,5,6,7,8])(>[9,10,11](in3[9,10,11,4])(>[12,13](in3[12,10,13,4])(>[](preorder[1,4,11,13])(preorder[1,4,9,12])))))	direct	-1
(>[1,2,3,4,5,6,7,8](AnchorFTA[1,2,3,4,5,6,7,8])(>[9,10,11](in3[9,10,11,4])(>[12](in3[12,10,11,4])(=[9,12]))))	direct	-1
(>[1,2,3,4,5,6,7,8](AnchorFTA[1,2,3,4,5,6,7,8])(>[9,10,11](in3[9,10,11,4])(preorder[1,4,9,11])))	direct	-1
(>[1,2,3,4,5,6,7,8](AnchorFTA[1,2,3,4,5,6,7,8])(>[9,10,11](in3[9,10,11,5])(>[12,13](in3[11,12,13,4])(>[14](in3[9,14,13,5])(>[15](in3[10,15,14,4])(in3[9,15,12,5]))))))	direct	-1
(>[1,2,3,4,5,6,7,8](AnchorFTA[1,2,3,4,5,6,7,8])(>[9,10,11](in3[9,10,11,5])(>[12,13](in3[12,10,13,5])(>[](strictOrder[1,4,11,13])(strictOrder[1,4,9,12])))))	induction	10
(>[1,2,3,4,5,6,7,8](AnchorFTA[1,2,3,4,5,6,7,8])(>[9,10,11](in3[9,10,11,5])(>[12,13](in3[9,12,13,5])(>[](preorder[1,5,11,13])(>[](preorder[1,4,6,9])(preorder[1,5,10,12]))))))	direct	-1
(>[1,2,3,4,5,6,7,8](AnchorFTA[1,2,3,4,5,6,7,8])(>[9,10,11](in3[9,10,11,5])(>[](preorder[1,4,7,11])(>[](in[9,1])(>[]!(preorder[1,4,7,10])(preorder[1,4,7,9]))))))	direct	-1
(>[1,2,3,4,5,6,7,8](AnchorFTA[1,2,3,4,5,6,7,8])(>[9,10,11](in3[9,10,11,5])(>[](preorder[1,4,7,11])(>[](in[9,1])(>[]!(preorder[1,4,7,9])(preorder[1,4,7,10]))))))	direct	-1
(>[1,2,3,4,5,6,7,8](AnchorFTA[1,2,3,4,5,6,7,8])(>[9,10,11](in3[9,10,11,5])(>[](preorder[1,4,7,11])(>[](in[9,1])(or9[1,4,7,10,9])))))	or theorem	(>[1,2,3,4,5,6,7,8](AnchorFTA[1,2,3,4,5,6,7,8])(>[9,10,11](in3[9,10,11,5])(>[](preorder[1,4,7,11])(>[](in[9,1])(>[]!(preorder[1,4,7,10])(preorder[1,4,7,9]))))))
(>[1,2,3,4,5,6,7,8](AnchorFTA[1,2,3,4,5,6,7,8])(>[9,10,11](in3[9,10,11,5])(>[](preorder[1,4,7,9])(>[](preorder[1,4,6,11])(strictOrder[1,4,10,11])))))	direct	-1
(>[1,2,3,4,5,6,7,8](AnchorFTA[1,2,3,4,5,6,7,8])(>[9,10,11](in3[9,10,11,5])(preorder[1,5,10,11])))	direct	-1
(>[1,2,3,4,5,6,7,8](AnchorFTA[1,2,3,4,5,6,7,8])(>[9,10](=[9,10])!(strictOrder[1,4,9,10])))	direct	-1
(>[1,2,3,4,5,6,7,8](AnchorFTA[1,2,3,4,5,6,7,8])(>[9,10](in2[9,10,3])(>[11,12](in2[11,12,3])(>[](preorder[1,4,10,12])(preorder[1,4,9,11])))))	direct	-1
(>[1,2,3,4,5,6,7,8](AnchorFTA[1,2,3,4,5,6,7,8])(>[9,10](in2[9,10,3])(>[11,12](in3[11,12,10,4])(>[13](in2[13,12,3])(in3[11,13,9,4])))))	direct	-1
(>[1,2,3,4,5,6,7,8](AnchorFTA[1,2,3,4,5,6,7,8])(>[9,10](in2[9,10,3])(>[11](preorder[1,4,10,11])!(=[9,11]))))	direct	-1
(>[1,2,3,4,5,6,7,8](AnchorFTA[1,2,3,4,5,6,7,8])(>[9,10](in2[9,10,3])(>[11](preorder[1,4,10,11])(preorder[1,4,9,11]))))	direct	-1
(>[1,2,3,4,5,6,7,8](AnchorFTA[1,2,3,4,5,6,7,8])(>[9,10](in2[9,10,3])(>[11](preorder[1,4,11,9])(strictOrder[1,4,11,10]))))	direct	-1
(>[1,2,3,4,5,6,7,8](AnchorFTA[1,2,3,4,5,6,7,8])(>[9,10](in2[9,10,3])(>[11](strictOrder[1,4,11,10])(preorder[1,4,11,9]))))	direct	-1
(>[1,2,3,4,5,6,7,8](AnchorFTA[1,2,3,4,5,6,7,8])(>[9,10](in2[9,10,3])(>[11](strictOrder[1,4,9,11])!(strictOrder[1,4,11,10]))))	direct	-1
(>[1,2,3,4,5,6,7,8](AnchorFTA[1,2,3,4,5,6,7,8])(>[9,10](in2[9,10,3])(in3[9,6,10,4])))	direct	-1
(>[1,2,3,4,5,6,7,8](AnchorFTA[1,2,3,4,5,6,7,8])(>[9,10](in3[9,10,2,4])(>[](in[10,1])(=[2,9]))))	direct	-1
(>[1,2,3,4,5,6,7,8](AnchorFTA[1,2,3,4,5,6,7,8])(>[9,10](in3[9,10,2,4])(>[](in[9,1])(=[2,10]))))	direct	-1
(>[1,2,3,4,5,6,7,8](AnchorFTA[1,2,3,4,5,6,7,8])(>[9,10](in3[9,10,2,5])(>[](in[9,1])(>[]!(=[2,10])(=[2,9])))))	induction	10
(>[1,2,3,4,5,6,7,8](AnchorFTA[1,2,3,4,5,6,7,8])(>[9,10](in3[9,10,2,5])(>[](in[9,1])(>[]!(=[2,9])(=[2,10])))))	induction	10
(>[1,2,3,4,5,6,7,8](AnchorFTA[1,2,3,4,5,6,7,8])(>[9,10](in3[9,10,2,5])(>[](in[9,1])(or4[2,9,10]))))	or theorem	(>[1,2,3,4,5,6,7,8](AnchorFTA[1,2,3,4,5,6,7,8])(>[9,10](in3[9,10,2,5])(>[](in[9,1])(>[]!(=[2,9])(=[2,10])))))
(>[1,2,3,4,5,6,7,8](AnchorFTA[1,2,3,4,5,6,7,8])(>[9,10](in3[9,10,6,5])!(=[2,10])))	direct	-1
(>[1,2,3,4,5,6,7,8](AnchorFTA[1,2,3,4,5,6,7,8])(>[9,10](in3[9,10,6,5])!(=[2,9])))	direct	-1
(>[1,2,3,4,5,6,7,8](AnchorFTA[1,2,3,4,5,6,7,8])(>[9,10](in3[9,10,6,5])(>[](in[10,1])(=[6,9]))))	induction	10
(>[1,2,3,4,5,6,7,8](AnchorFTA[1,2,3,4,5,6,7,8])(>[9,10](in3[9,10,6,5])(>[](in[9,1])(=[6,10]))))	induction	9
(>[1,2,3,4,5,6,7,8](AnchorFTA[1,2,3,4,5,6,7,8])(>[9,10](preorder[1,4,9,10])(>[11,12](in3[9,11,12,4])(>[13](in3[10,11,13,4])(preorder[1,4,12,13])))))	direct	-1
(>[1,2,3,4,5,6,7,8](AnchorFTA[1,2,3,4,5,6,7,8])(>[9,10](preorder[1,4,9,10])(>[11,12](in3[9,11,12,5])(>[13](in3[10,11,13,5])(preorder[1,4,12,13])))))	direct	-1
(>[1,2,3,4,5,6,7,8](AnchorFTA[1,2,3,4,5,6,7,8])(>[9,10](preorder[1,4,9,10])(>[]!(=[9,10])(strictOrder[1,4,9,10]))))	direct	-1
(>[1,2,3,4,5,6,7,8](AnchorFTA[1,2,3,4,5,6,7,8])(>[9,10](preorder[1,4,9,10])(>[]!(strictOrder[1,4,9,10])(=[9,10]))))	direct	-1
(>[1,2,3,4,5,6,7,8](AnchorFTA[1,2,3,4,5,6,7,8])(>[9,10](preorder[1,4,9,10])(>[](preorder[1,4,10,9])(=[9,10]))))	direct	-1
(>[1,2,3,4,5,6,7,8](AnchorFTA[1,2,3,4,5,6,7,8])(>[9,10](preorder[1,4,9,10])(or0[9,10,1,4])))	or theorem	(>[1,2,3,4,5,6,7,8](AnchorFTA[1,2,3,4,5,6,7,8])(>[9,10](preorder[1,4,9,10])(>[]!(=[9,10])(strictOrder[1,4,9,10]))))
(>[1,2,3,4,5,6,7,8](AnchorFTA[1,2,3,4,5,6,7,8])(>[9,10](preorder[1,5,9,10])(>[11,12](in3[10,11,12,4])(>[](preorder[1,5,9,12])(preorder[1,5,9,11])))))	direct	-1
(>[1,2,3,4,5,6,7,8](AnchorFTA[1,2,3,4,5,6,7,8])(>[9,10](preorder[1,5,9,10])(>[11,12](in3[10,11,12,5])(preorder[1,5,9,12]))))	direct	-1
(>[1,2,3,4,5,6,7,8](AnchorFTA[1,2,3,4,5,6,7,8])(>[9,10](preorder[1,5,9,10])(>[11,12](in3[11,9,12,5])(>[13](in3[11,10,13,5])(preorder[1,5,12,13])))))	direct	-1
(>[1,2,3,4,5,6,7,8](AnchorFTA[1,2,3,4,5,6,7,8])(>[9,10](preorder[1,5,9,10])(>[11,12](preorder[1,5,11,12])(>[13](in3[9,11,13,5])(>[14](in3[10,12,14,5])(preorder[1,5,13,14]))))))	direct	-1
(>[1,2,3,4,5,6,7,8](AnchorFTA[1,2,3,4,5,6,7,8])(>[9,10](preorder[1,5,9,10])(>[11](preorder[1,5,10,11])(preorder[1,5,9,11]))))	direct	-1
(>[1,2,3,4,5,6,7,8](AnchorFTA[1,2,3,4,5,6,7,8])(>[9,10](preorder[1,5,9,10])(>[11](preorder[1,5,9,11])(>[12](in3[10,11,12,4])(preorder[1,5,9,12])))))	direct	-1
(>[1,2,3,4,5,6,7,8](AnchorFTA[1,2,3,4,5,6,7,8])(>[9,10](preorder[1,5,9,10])(>[](preorder[1,4,6,10])(preorder[1,4,6,9]))))	induction	9
(>[1,2,3,4,5,6,7,8](AnchorFTA[1,2,3,4,5,6,7,8])(>[9,10](preorder[1,5,9,10])(>[](preorder[1,4,6,10])(preorder[1,4,9,10]))))	direct	-1
(>[1,2,3,4,5,6,7,8](AnchorFTA[1,2,3,4,5,6,7,8])(>[9,10](preorder[1,5,9,10])(>[](preorder[1,5,10,9])(=[9,10]))))	or elimination	(>[1,2,3,4,5,6,7,8](AnchorFTA[1,2,3,4,5,6,7,8])(>[9,10](preorder[1,5,9,10])(>[](preorder[1,5,10,9])(>[](=[2,10])(=[9,10])))))
(>[1,2,3,4,5,6,7,8](AnchorFTA[1,2,3,4,5,6,7,8])(>[9,10](preorder[1,5,9,10])(>[](preorder[1,5,10,9])(>[](=[2,10])(=[9,10])))))	proved not broadcast	-1
(>[1,2,3,4,5,6,7,8](AnchorFTA[1,2,3,4,5,6,7,8])(>[9,10](preorder[1,5,9,10])(>[](preorder[1,5,10,9])(>[](preorder[1,4,6,10])(=[9,10])))))	direct	-1
(>[1,2,3,4,5,6,7,8](AnchorFTA[1,2,3,4,5,6,7,8])(>[9,10](strictOrder[1,4,9,10])!(strictOrder[1,4,10,9])))	direct	-1
(>[1,2,3,4,5,6,7,8](AnchorFTA[1,2,3,4,5,6,7,8])(>[9,10](strictOrder[1,4,9,10])(>[11](in3[9,11,10,4])!(=[2,11]))))	direct	-1
(>[1,2,3,4,5,6,7,8](AnchorFTA[1,2,3,4,5,6,7,8])(>[9,10](strictOrder[1,4,9,10])(>[11](preorder[1,4,6,11])(>[12](in3[9,11,12,5])(>[13](in3[10,11,13,5])(strictOrder[1,4,12,13]))))))	direct	-1
(>[1,2,3,4,5,6,7,8](AnchorFTA[1,2,3,4,5,6,7,8])(>[9](in[9,1])(>[10](=[9,10])(in3[6,9,10,5]))))	direct	-1
(>[1,2,3,4,5,6,7,8](AnchorFTA[1,2,3,4,5,6,7,8])(>[9](in[9,1])(>[10](=[9,10])(preorder[1,4,9,10]))))	direct	-1
(>[1,2,3,4,5,6,7,8](AnchorFTA[1,2,3,4,5,6,7,8])(>[9](in[9,1])(>[10](=[9,10])(preorder[1,5,9,10]))))	direct	-1
(>[1,2,3,4,5,6,7,8](AnchorFTA[1,2,3,4,5,6,7,8])(>[9](in[9,1])(>[10](in[10,1])(>[]!(preorder[1,4,9,10])(preorder[1,4,10,9])))))	induction	10
(>[1,2,3,4,5,6,7,8](AnchorFTA[1,2,3,4,5,6,7,8])(>[9](in[9,1])(>[10](in[10,1])(>[]!(strictOrder[1,4,9,10])(>[]!(=[9,10])(strictOrder[1,4,10,9]))))))	direct	-1
(>[1,2,3,4,5,6,7,8](AnchorFTA[1,2,3,4,5,6,7,8])(>[9](in[9,1])(>[10](in[10,1])(>[]!(strictOrder[1,4,9,10])(>[]!(strictOrder[1,4,10,9])(=[9,10]))))))	direct	-1
(>[1,2,3,4,5,6,7,8](AnchorFTA[1,2,3,4,5,6,7,8])(>[9](in[9,1])(>[10](in[10,1])(or10[1,4,9,10]))))	or theorem	(>[1,2,3,4,5,6,7,8](AnchorFTA[1,2,3,4,5,6,7,8])(>[9](in[9,1])(>[10](in[10,1])(>[]!(strictOrder[1,4,9,10])(>[]!(=[9,10])(strictOrder[1,4,10,9]))))))
(>[1,2,3,4,5,6,7,8](AnchorFTA[1,2,3,4,5,6,7,8])(>[9](in[9,1])(>[10](in[10,1])(or5[1,4,9,10]))))	or theorem	(>[1,2,3,4,5,6,7,8](AnchorFTA[1,2,3,4,5,6,7,8])(>[9](in[9,1])(>[10](in[10,1])(>[]!(preorder[1,4,9,10])(preorder[1,4,10,9])))))
(>[1,2,3,4,5,6,7,8](AnchorFTA[1,2,3,4,5,6,7,8])(>[9](in[9,1])(>[]!(=[2,9])(>[]!(=[6,9])(preorder[1,4,7,9])))))	induction	9
(>[1,2,3,4,5,6,7,8](AnchorFTA[1,2,3,4,5,6,7,8])(>[9](in[9,1])(>[]!(=[2,9])(>[]!(preorder[1,4,7,9])(=[6,9])))))	direct	-1
(>[1,2,3,4,5,6,7,8](AnchorFTA[1,2,3,4,5,6,7,8])(>[9](in[9,1])(>[]!(=[2,9])(preorder[1,4,6,9]))))	induction	9
(>[1,2,3,4,5,6,7,8](AnchorFTA[1,2,3,4,5,6,7,8])(>[9](in[9,1])(>[]!(preorder[1,4,6,9])(=[2,9]))))	induction	9
(>[1,2,3,4,5,6,7,8](AnchorFTA[1,2,3,4,5,6,7,8])(>[9](in[9,1])(or3[1,4,6,9,2])))	or theorem	(>[1,2,3,4,5,6,7,8](AnchorFTA[1,2,3,4,5,6,7,8])(>[9](in[9,1])(>[]!(preorder[1,4,6,9])(=[2,9]))))
(>[1,2,3,4,5,6,7,8](AnchorFTA[1,2,3,4,5,6,7,8])(>[9](in[9,1])(or6[2,9,6,1,4,7])))	or theorem	(>[1,2,3,4,5,6,7,8](AnchorFTA[1,2,3,4,5,6,7,8])(>[9](in[9,1])(>[]!(=[2,9])(>[]!(=[6,9])(preorder[1,4,7,9])))))
(>[1,2,3,4,5,6,7,8](AnchorFTA[1,2,3,4,5,6,7,8])(>[9](in[9,1])(preorder[1,4,2,9])))	induction	9
(>[1,2,3,4,5,6,7,8](AnchorFTA[1,2,3,4,5,6,7,8])(>[9](in[9,1])(preorder[1,5,6,9])))	direct	-1
(>[1,2,3,4,5,6,7,8](AnchorFTA[1,2,3,4,5,6,7,8])(>[9](in[9,1])(preorder[1,5,9,2])))	direct	-1
(>[1,2,3,4,5,6,7,8](AnchorFTA[1,2,3,4,5,6,7,8])(>[9](preorder[1,4,6,9])!(=[2,9])))	direct	-1
(>[1,2,3,4,5,6,7,8](AnchorFTA[1,2,3,4,5,6,7,8])(>[9](preorder[1,4,6,9])(>[10,11](in3[10,9,11,5])(>[12,13](in3[12,9,13,5])(>[](preorder[1,4,11,13])(preorder[1,4,10,12]))))))	induction	10
(>[1,2,3,4,5,6,7,8](AnchorFTA[1,2,3,4,5,6,7,8])(>[9](preorder[1,4,6,9])(>[10,11](in3[10,9,11,5])(>[12](in3[12,9,11,5])(=[10,12])))))	direct	-1
(>[1,2,3,4,5,6,7,8](AnchorFTA[1,2,3,4,5,6,7,8])(>[9](preorder[1,4,6,9])(>[10,11](in3[10,9,11,5])(preorder[1,4,10,11]))))	induction	9
(>[1,2,3,4,5,6,7,8](AnchorFTA[1,2,3,4,5,6,7,8])(>[9](preorder[1,4,6,9])(>[10](preorder[1,4,6,10])(>[11](in3[9,10,11,5])(preorder[1,4,6,11])))))	direct	-1
(>[1,2,3,4,5,6,7,8](AnchorFTA[1,2,3,4,5,6,7,8])(>[9](preorder[1,4,6,9])(>[10](preorder[1,4,7,10])(>[11](in3[9,10,11,5])(strictOrder[1,4,9,11])))))	induction	9
(>[1,2,3,4,5,6,7,8](AnchorFTA[1,2,3,4,5,6,7,8])(>[9](preorder[1,4,7,9])!(=[2,9])))	direct	-1
(>[1,2,3,4,5,6,7,8](AnchorFTA[1,2,3,4,5,6,7,8])(>[9](preorder[1,4,7,9])!(=[6,9])))	direct	-1
(>[1,2,3,4,5,6,7,8](AnchorFTA[1,2,3,4,5,6,7,8])(>[9](preorder[1,4,7,9])(>[10](preorder[1,4,6,10])(>[11](in3[9,10,11,5])(preorder[1,4,7,11])))))	induction	10
(>[1,2,3,4,5,6,7,8](AnchorFTA[1,2,3,4,5,6,7,8])(>[9](preorder[1,4,9,2])(=[2,9])))	direct	-1
(>[1,2,3,4,5,6,7,8](AnchorFTA[1,2,3,4,5,6,7,8])(>[9](preorder[1,5,2,9])(=[2,9])))	direct	-1
(>[1,2,3,4,5,6,7,8](AnchorFTA[1,2,3,4,5,6,7,8])(AnchorGauss[1,2,3,4,5,6,7,8]))	direct	-1
(>[1,2,3,4,5,6,7,8](AnchorFTA[1,2,3,4,5,6,7,8])(AnchorPeano[1,2,3,4,5,6]))	direct	-1
