(>[1,2,3,4,5,6](AnchorPeano[1,2,3,4,5,6])(>[7,8,9](in3[7,8,9,4])(>[10,11,12](in3[10,11,12,4])(>[13](in3[10,13,7,5])(>[](in3[11,13,8,5])(in3[12,13,9,5]))))))	induction	13
(>[1,2,3,4,5,6](AnchorPeano[1,2,3,4,5,6])(>[7,8,9](in3[7,8,9,4])(>[10,11,12](in3[10,11,12,4])(>[13](in3[13,10,7,5])(>[](in3[13,11,8,5])(in3[13,12,9,5]))))))	induction	11
(>[1,2,3,4,5,6](AnchorPeano[1,2,3,4,5,6])(>[7,8,9](in3[7,8,9,4])(>[10,11,12](in3[10,11,12,4])(>[](in3[11,10,7,4])(in3[12,8,9,4])))))	induction	10
(>[1,2,3,4,5,6](AnchorPeano[1,2,3,4,5,6])(>[7,8,9](in3[7,8,9,4])(>[10,11,12](in3[10,11,12,4])(>[](in3[11,10,8,4])(in3[7,12,9,4])))))	induction	10
(>[1,2,3,4,5,6](AnchorPeano[1,2,3,4,5,6])(>[7,8,9](in3[7,8,9,4])(>[10,11,12](in3[10,11,12,4])(>[](in3[8,7,10,4])(in3[9,11,12,4])))))	induction	7
(>[1,2,3,4,5,6](AnchorPeano[1,2,3,4,5,6])(>[7,8,9](in3[7,8,9,4])(>[10,11,12](in3[10,11,12,4])(>[](in3[8,7,11,4])(in3[10,9,12,4])))))	induction	7
(>[1,2,3,4,5,6](AnchorPeano[1,2,3,4,5,6])(>[7,8,9](in3[7,8,9,4])(>[10,11](in2[10,11,3])(>[](in3[10,7,8,5])(in3[11,7,9,5])))))	induction	7
(>[1,2,3,4,5,6](AnchorPeano[1,2,3,4,5,6])(>[7,8,9](in3[7,8,9,4])(>[10,11](in2[10,11,3])(>[](in3[10,7,8,5])(in3[7,11,9,5])))))	induction	7
(>[1,2,3,4,5,6](AnchorPeano[1,2,3,4,5,6])(>[7,8,9](in3[7,8,9,4])(>[10,11](in2[10,11,3])(>[](in3[10,8,7,5])(in3[11,8,9,5])))))	direct	-1
(>[1,2,3,4,5,6](AnchorPeano[1,2,3,4,5,6])(>[7,8,9](in3[7,8,9,4])(>[10,11](in2[10,11,3])(>[](in3[10,8,7,5])(in3[8,11,9,5])))))	induction	8
(>[1,2,3,4,5,6](AnchorPeano[1,2,3,4,5,6])(>[7,8,9](in3[7,8,9,4])(>[10,11](in2[10,11,3])(>[](in3[7,10,8,5])(in3[11,7,9,5])))))	induction	10
(>[1,2,3,4,5,6](AnchorPeano[1,2,3,4,5,6])(>[7,8,9](in3[7,8,9,4])(>[10,11](in2[10,11,3])(>[](in3[7,10,8,5])(in3[7,11,9,5])))))	direct	-1
(>[1,2,3,4,5,6](AnchorPeano[1,2,3,4,5,6])(>[7,8,9](in3[7,8,9,4])(>[10,11](in2[10,11,3])(>[](in3[8,10,7,5])(in3[11,8,9,5])))))	induction	8
(>[1,2,3,4,5,6](AnchorPeano[1,2,3,4,5,6])(>[7,8,9](in3[7,8,9,4])(>[10,11](in2[10,11,3])(>[](in3[8,10,7,5])(in3[8,11,9,5])))))	direct	-1
(>[1,2,3,4,5,6](AnchorPeano[1,2,3,4,5,6])(>[7,8,9](in3[7,8,9,4])(>[10,11](in3[10,11,7,4])(>[12](in3[10,8,12,4])(in3[12,11,9,4])))))	induction	8
(>[1,2,3,4,5,6](AnchorPeano[1,2,3,4,5,6])(>[7,8,9](in3[7,8,9,4])(>[10,11](in3[10,11,7,4])(>[12](in3[11,8,12,4])(in3[10,12,9,4])))))	induction	8
(>[1,2,3,4,5,6](AnchorPeano[1,2,3,4,5,6])(>[7,8,9](in3[7,8,9,4])(>[10,11](in3[10,11,7,4])(>[12](in3[8,11,12,4])(in3[12,10,9,4])))))	induction	10
(>[1,2,3,4,5,6](AnchorPeano[1,2,3,4,5,6])(>[7,8,9](in3[7,8,9,4])(>[10,11](in3[10,11,8,4])(>[12](in3[10,7,12,4])(in3[11,12,9,4])))))	induction	10
(>[1,2,3,4,5,6](AnchorPeano[1,2,3,4,5,6])(>[7,8,9](in3[7,8,9,4])(>[10,11](in3[10,11,8,4])(>[12](in3[7,11,12,4])(in3[10,12,9,4])))))	induction	7
(>[1,2,3,4,5,6](AnchorPeano[1,2,3,4,5,6])(>[7,8,9](in3[7,8,9,4])(>[10,11](in3[10,7,11,4])(>[](in2[10,8,3])(in2[11,9,3])))))	induction	7
(>[1,2,3,4,5,6](AnchorPeano[1,2,3,4,5,6])(>[7,8,9](in3[7,8,9,4])(>[10,11](in3[10,7,11,4])(>[](in2[8,10,3])(in2[9,11,3])))))	induction	8
(>[1,2,3,4,5,6](AnchorPeano[1,2,3,4,5,6])(>[7,8,9](in3[7,8,9,4])(>[10,11](in3[10,8,11,4])(>[](in2[10,7,3])(in2[11,9,3])))))	induction	8
(>[1,2,3,4,5,6](AnchorPeano[1,2,3,4,5,6])(>[7,8,9](in3[7,8,9,4])(>[10,11](in3[7,10,11,4])(>[12](in3[12,8,10,4])(in3[12,9,11,4])))))	induction	7
(>[1,2,3,4,5,6](AnchorPeano[1,2,3,4,5,6])(>[7,8,9](in3[7,8,9,4])(>[10,11](in3[7,10,11,4])(>[12](in3[8,11,12,4])(in3[10,9,12,4])))))	direct	-1
(>[1,2,3,4,5,6](AnchorPeano[1,2,3,4,5,6])(>[7,8,9](in3[7,8,9,4])(>[10,11](in3[7,10,11,4])(>[12](in3[8,12,10,4])(in3[9,12,11,4])))))	induction	12
(>[1,2,3,4,5,6](AnchorPeano[1,2,3,4,5,6])(>[7,8,9](in3[7,8,9,4])(>[10,11](in3[7,10,11,4])(>[12](in3[9,10,12,4])(in3[11,8,12,4])))))	induction	10
(>[1,2,3,4,5,6](AnchorPeano[1,2,3,4,5,6])(>[7,8,9](in3[7,8,9,4])(>[10,11](in3[7,10,11,4])(>[](in2[10,8,3])(in2[11,9,3])))))	direct	-1
(>[1,2,3,4,5,6](AnchorPeano[1,2,3,4,5,6])(>[7,8,9](in3[7,8,9,4])(>[10,11](in3[7,10,11,5])(>[12](in3[8,10,12,5])(>[13](in3[9,10,13,5])(in3[11,12,13,4]))))))	induction	10
(>[1,2,3,4,5,6](AnchorPeano[1,2,3,4,5,6])(>[7,8,9](in3[7,8,9,4])(>[10,11](in3[8,10,11,4])(>[12](in3[12,10,7,4])(in3[11,12,9,4])))))	induction	10
(>[1,2,3,4,5,6](AnchorPeano[1,2,3,4,5,6])(>[7,8,9](in3[7,8,9,4])(>[10](in2[10,7,3])(>[11](in2[8,11,3])(in3[10,11,9,4])))))	induction	8
(>[1,2,3,4,5,6](AnchorPeano[1,2,3,4,5,6])(>[7,8,9](in3[7,8,9,4])(>[10](in2[10,7,3])(>[11](in2[8,11,3])(in3[11,10,9,4])))))	induction	10
(>[1,2,3,4,5,6](AnchorPeano[1,2,3,4,5,6])(>[7,8,9](in3[7,8,9,4])(>[10](in2[10,8,3])(>[11](in2[7,11,3])(in3[10,11,9,4])))))	induction	10
(>[1,2,3,4,5,6](AnchorPeano[1,2,3,4,5,6])(>[7,8,9](in3[7,8,9,4])(>[10](in2[7,10,3])(>[11](in2[11,8,3])(in3[10,11,9,4])))))	induction	11
(>[1,2,3,4,5,6](AnchorPeano[1,2,3,4,5,6])(>[7,8,9](in3[7,8,9,4])(>[10](in2[7,10,3])(>[11](in2[11,8,3])(in3[11,10,9,4])))))	induction	11
(>[1,2,3,4,5,6](AnchorPeano[1,2,3,4,5,6])(>[7,8,9](in3[7,8,9,4])(>[10](in2[7,10,3])(>[11](in2[9,11,3])(in3[10,8,11,4])))))	induction	8
(>[1,2,3,4,5,6](AnchorPeano[1,2,3,4,5,6])(>[7,8,9](in3[7,8,9,4])(>[10](in2[7,10,3])(>[11](in2[9,11,3])(in3[8,10,11,4])))))	induction	7
(>[1,2,3,4,5,6](AnchorPeano[1,2,3,4,5,6])(>[7,8,9](in3[7,8,9,4])(>[10](in2[8,10,3])(>[11](in2[11,7,3])(in3[10,11,9,4])))))	induction	11
(>[1,2,3,4,5,6](AnchorPeano[1,2,3,4,5,6])(>[7,8,9](in3[7,8,9,4])(>[10](in2[8,10,3])(>[11](in2[9,11,3])(in3[10,7,11,4])))))	induction	7
(>[1,2,3,4,5,6](AnchorPeano[1,2,3,4,5,6])(>[7,8,9](in3[7,8,9,4])(>[10](in2[8,10,3])(>[11](in2[9,11,3])(in3[7,10,11,4])))))	direct	-1
(>[1,2,3,4,5,6](AnchorPeano[1,2,3,4,5,6])(>[7,8,9](in3[7,8,9,4])(>[10](in3[10,8,9,4])(=[7,10]))))	induction	8
(>[1,2,3,4,5,6](AnchorPeano[1,2,3,4,5,6])(>[7,8,9](in3[7,8,9,4])(>[10](in3[7,10,9,4])(=[8,10]))))	induction	7
(>[1,2,3,4,5,6](AnchorPeano[1,2,3,4,5,6])(>[7,8,9](in3[7,8,9,4])(in3[8,7,9,4])))	induction	7
(>[1,2,3,4,5,6](AnchorPeano[1,2,3,4,5,6])(>[7,8,9](in3[7,8,9,5])(>[10,11,12](in3[10,11,12,5])(>[](in3[11,10,7,5])(in3[12,8,9,5])))))	direct	-1
(>[1,2,3,4,5,6](AnchorPeano[1,2,3,4,5,6])(>[7,8,9](in3[7,8,9,5])(>[10,11,12](in3[10,11,12,5])(>[](in3[11,10,8,5])(in3[7,12,9,5])))))	direct	-1
(>[1,2,3,4,5,6](AnchorPeano[1,2,3,4,5,6])(>[7,8,9](in3[7,8,9,5])(>[10,11,12](in3[10,11,12,5])(>[](in3[8,7,10,5])(in3[9,11,12,5])))))	direct	-1
(>[1,2,3,4,5,6](AnchorPeano[1,2,3,4,5,6])(>[7,8,9](in3[7,8,9,5])(>[10,11,12](in3[10,11,12,5])(>[](in3[8,7,11,5])(in3[10,9,12,5])))))	direct	-1
(>[1,2,3,4,5,6](AnchorPeano[1,2,3,4,5,6])(>[7,8,9](in3[7,8,9,5])(>[10,11](in3[10,11,7,5])(>[12](in3[10,8,12,5])(in3[12,11,9,5])))))	direct	-1
(>[1,2,3,4,5,6](AnchorPeano[1,2,3,4,5,6])(>[7,8,9](in3[7,8,9,5])(>[10,11](in3[10,11,7,5])(>[12](in3[11,8,12,5])(in3[10,12,9,5])))))	induction	8
(>[1,2,3,4,5,6](AnchorPeano[1,2,3,4,5,6])(>[7,8,9](in3[7,8,9,5])(>[10,11](in3[10,11,7,5])(>[12](in3[8,11,12,5])(in3[12,10,9,5])))))	direct	-1
(>[1,2,3,4,5,6](AnchorPeano[1,2,3,4,5,6])(>[7,8,9](in3[7,8,9,5])(>[10,11](in3[10,11,8,5])(>[12](in3[10,7,12,5])(in3[11,12,9,5])))))	direct	-1
(>[1,2,3,4,5,6](AnchorPeano[1,2,3,4,5,6])(>[7,8,9](in3[7,8,9,5])(>[10,11](in3[10,11,8,5])(>[12](in3[7,11,12,5])(in3[10,12,9,5])))))	induction	7
(>[1,2,3,4,5,6](AnchorPeano[1,2,3,4,5,6])(>[7,8,9](in3[7,8,9,5])(>[10,11](in3[10,7,11,5])(>[](in2[10,8,3])(in3[11,7,9,4])))))	induction	10
(>[1,2,3,4,5,6](AnchorPeano[1,2,3,4,5,6])(>[7,8,9](in3[7,8,9,5])(>[10,11](in3[10,7,11,5])(>[](in2[10,8,3])(in3[7,11,9,4])))))	induction	10
(>[1,2,3,4,5,6](AnchorPeano[1,2,3,4,5,6])(>[7,8,9](in3[7,8,9,5])(>[10,11](in3[10,7,11,5])(>[](in2[8,10,3])(in3[7,9,11,4])))))	induction	8
(>[1,2,3,4,5,6](AnchorPeano[1,2,3,4,5,6])(>[7,8,9](in3[7,8,9,5])(>[10,11](in3[10,7,11,5])(>[](in2[8,10,3])(in3[9,7,11,4])))))	induction	7
(>[1,2,3,4,5,6](AnchorPeano[1,2,3,4,5,6])(>[7,8,9](in3[7,8,9,5])(>[10,11](in3[10,8,11,5])(>[](in2[10,7,3])(in3[8,11,9,4])))))	induction	8
(>[1,2,3,4,5,6](AnchorPeano[1,2,3,4,5,6])(>[7,8,9](in3[7,8,9,5])(>[10,11](in3[7,10,11,5])(>[12,13](in3[7,12,13,5])(>[](in3[8,10,12,4])(in3[9,11,13,4]))))))	induction	10
(>[1,2,3,4,5,6](AnchorPeano[1,2,3,4,5,6])(>[7,8,9](in3[7,8,9,5])(>[10,11](in3[7,10,11,5])(>[12](in3[12,8,10,5])(in3[12,9,11,5])))))	induction	7
(>[1,2,3,4,5,6](AnchorPeano[1,2,3,4,5,6])(>[7,8,9](in3[7,8,9,5])(>[10,11](in3[7,10,11,5])(>[12](in3[8,11,12,5])(in3[10,9,12,5])))))	direct	-1
(>[1,2,3,4,5,6](AnchorPeano[1,2,3,4,5,6])(>[7,8,9](in3[7,8,9,5])(>[10,11](in3[7,10,11,5])(>[12](in3[8,12,10,5])(in3[9,12,11,5])))))	induction	12
(>[1,2,3,4,5,6](AnchorPeano[1,2,3,4,5,6])(>[7,8,9](in3[7,8,9,5])(>[10,11](in3[7,10,11,5])(>[12](in3[9,10,12,5])(in3[11,8,12,5])))))	direct	-1
(>[1,2,3,4,5,6](AnchorPeano[1,2,3,4,5,6])(>[7,8,9](in3[7,8,9,5])(>[10,11](in3[7,10,11,5])(>[](in2[10,8,3])(in3[11,7,9,4])))))	direct	-1
(>[1,2,3,4,5,6](AnchorPeano[1,2,3,4,5,6])(>[7,8,9](in3[7,8,9,5])(>[10,11](in3[7,10,11,5])(>[](in2[10,8,3])(in3[7,11,9,4])))))	direct	-1
(>[1,2,3,4,5,6](AnchorPeano[1,2,3,4,5,6])(>[7,8,9](in3[7,8,9,5])(>[10,11](in3[8,10,11,5])(>[12](in3[12,10,7,5])(in3[11,12,9,5])))))	direct	-1
(>[1,2,3,4,5,6](AnchorPeano[1,2,3,4,5,6])(>[7,8,9](in3[7,8,9,5])(in3[8,7,9,5])))	induction	7
(>[1,2,3,4,5,6](AnchorPeano[1,2,3,4,5,6])(>[7,8](in2[7,8,3])(>[9](in2[9,8,3])(=[7,9]))))	direct	-1
(>[1,2,3,4,5,6](AnchorPeano[1,2,3,4,5,6])(>[7,8](in2[7,8,3])(>[](in2[2,8,3])(=[2,7]))))	direct	-1
(>[1,2,3,4,5,6](AnchorPeano[1,2,3,4,5,6])(>[7,8](in2[7,8,3])(>[](in2[6,8,3])(=[6,7]))))	direct	-1
(>[1,2,3,4,5,6](AnchorPeano[1,2,3,4,5,6])(>[7,8](in2[7,8,3])(>[](in2[8,2,3])(=[2,7]))))	induction	7
(>[1,2,3,4,5,6](AnchorPeano[1,2,3,4,5,6])(>[7,8](in2[7,8,3])(>[](in2[8,6,3])(=[6,7]))))	induction	7
(>[1,2,3,4,5,6](AnchorPeano[1,2,3,4,5,6])(>[7,8](in2[7,8,3])(in3[6,7,8,4])))	induction	7
(>[1,2,3,4,5,6](AnchorPeano[1,2,3,4,5,6])(>[7,8](in2[7,8,3])(in3[7,6,8,4])))	direct	-1
(>[1,2,3,4,5,6](AnchorPeano[1,2,3,4,5,6])(>[7,8](in3[2,7,8,4])(in3[7,2,8,4])))	induction	7
(>[1,2,3,4,5,6](AnchorPeano[1,2,3,4,5,6])(>[7,8](in3[2,7,8,5])(in3[7,2,8,5])))	induction	7
(>[1,2,3,4,5,6](AnchorPeano[1,2,3,4,5,6])(>[7,8](in3[6,7,8,4])(in2[7,8,3])))	induction	7
(>[1,2,3,4,5,6](AnchorPeano[1,2,3,4,5,6])(>[7,8](in3[6,7,8,4])(in3[7,6,8,4])))	induction	7
(>[1,2,3,4,5,6](AnchorPeano[1,2,3,4,5,6])(>[7,8](in3[6,7,8,5])(in3[7,6,8,5])))	induction	7
(>[1,2,3,4,5,6](AnchorPeano[1,2,3,4,5,6])(>[7,8](in3[7,2,8,4])(>[](in[7,1])(=[7,8]))))	direct	-1
(>[1,2,3,4,5,6](AnchorPeano[1,2,3,4,5,6])(>[7,8](in3[7,2,8,4])(in3[2,7,8,4])))	induction	7
(>[1,2,3,4,5,6](AnchorPeano[1,2,3,4,5,6])(>[7,8](in3[7,2,8,5])(>[](in[7,1])(=[2,8]))))	direct	-1
(>[1,2,3,4,5,6](AnchorPeano[1,2,3,4,5,6])(>[7,8](in3[7,2,8,5])(in3[2,7,8,5])))	induction	7
(>[1,2,3,4,5,6](AnchorPeano[1,2,3,4,5,6])(>[7,8](in3[7,6,8,4])(in2[7,8,3])))	direct	-1
(>[1,2,3,4,5,6](AnchorPeano[1,2,3,4,5,6])(>[7,8](in3[7,6,8,4])(in3[6,7,8,4])))	direct	-1
(>[1,2,3,4,5,6](AnchorPeano[1,2,3,4,5,6])(>[7,8](in3[7,6,8,5])(>[](in[7,1])(=[7,8]))))	direct	-1
(>[1,2,3,4,5,6](AnchorPeano[1,2,3,4,5,6])(>[7,8](in3[7,6,8,5])(in3[6,7,8,5])))	induction	7
(>[1,2,3,4,5,6](AnchorPeano[1,2,3,4,5,6])(>[7,8](in3[7,8,2,4])(>[](in[7,1])(=[2,8]))))	induction	8
(>[1,2,3,4,5,6](AnchorPeano[1,2,3,4,5,6])(>[7,8](in3[7,8,2,4])(>[](in[7,1])(=[7,8]))))	induction	8
(>[1,2,3,4,5,6](AnchorPeano[1,2,3,4,5,6])(>[7,8](in3[7,8,2,4])(>[](in[8,1])(=[2,7]))))	induction	8
(>[1,2,3,4,5,6](AnchorPeano[1,2,3,4,5,6])(>[7,8](in3[7,8,2,4])(>[](in[8,1])(=[7,8]))))	induction	8
(>[1,2,3,4,5,6](AnchorPeano[1,2,3,4,5,6])(>[7,8](in3[7,8,2,4])(in3[8,7,2,4])))	induction	8
(>[1,2,3,4,5,6](AnchorPeano[1,2,3,4,5,6])(>[7,8](in3[7,8,2,5])(in3[8,7,2,5])))	induction	8
(>[1,2,3,4,5,6](AnchorPeano[1,2,3,4,5,6])(>[7,8](in3[7,8,6,4])(in3[8,7,6,4])))	induction	8
(>[1,2,3,4,5,6](AnchorPeano[1,2,3,4,5,6])(>[7,8](in3[7,8,6,5])(in3[8,7,6,5])))	direct	-1
(>[1,2,3,4,5,6](AnchorPeano[1,2,3,4,5,6])(>[7]!(=[2,7])(>[](in[7,1])(existence3[1,7,3]))))	induction	7
(>[1,2,3,4,5,6](AnchorPeano[1,2,3,4,5,6])(>[7](=[6,7])(existence3[1,7,3])))	direct	-1
(>[1,2,3,4,5,6](AnchorPeano[1,2,3,4,5,6])(>[7](in2[7,2,3])(>[8](in2[2,8,3])(=[7,8]))))	induction	7
(>[1,2,3,4,5,6](AnchorPeano[1,2,3,4,5,6])(>[7](in2[7,2,3])(>[8](in2[8,2,3])(=[7,8]))))	direct	-1
(>[1,2,3,4,5,6](AnchorPeano[1,2,3,4,5,6])(>[7](in2[7,2,3])(>[8](in[8,1])(=[7,8]))))	induction	7
(>[1,2,3,4,5,6](AnchorPeano[1,2,3,4,5,6])(>[7](in2[7,2,3])(>[](in[7,1])(=[2,7]))))	induction	7
(>[1,2,3,4,5,6](AnchorPeano[1,2,3,4,5,6])(>[7](in2[7,6,3])(>[8](in2[8,6,3])(=[7,8]))))	direct	-1
(>[1,2,3,4,5,6](AnchorPeano[1,2,3,4,5,6])(>[7](in[7,1])(>[8](in3[2,7,8,4])(=[7,8]))))	induction	7
(>[1,2,3,4,5,6](AnchorPeano[1,2,3,4,5,6])(>[7](in[7,1])(>[8](in3[2,7,8,5])(=[2,8]))))	induction	7
(>[1,2,3,4,5,6](AnchorPeano[1,2,3,4,5,6])(>[7](in[7,1])(>[8](in3[6,7,8,5])(=[7,8]))))	induction	7
(>[1,2,3,4,5,6](AnchorPeano[1,2,3,4,5,6])(>[7](in[7,1])(>[8](in3[6,8,7,5])(=[7,8]))))	induction	8
(>[1,2,3,4,5,6](AnchorPeano[1,2,3,4,5,6])(>[7](in[7,1])(>[]!(=[7,2])(existence3[1,7,3]))))	induction	7
(>[1,2,3,4,5,6](AnchorPeano[1,2,3,4,5,6])(existence3[1,6,3]))	direct	-1
(>[1,2,3,4,5,6,7,8](AnchorGauss[1,2,3,4,5,6,7,8])(>[9,10,11](in3[9,10,11,4])(in3[10,9,11,4])))	direct	-1
(>[1,2,3,4,5,6,7,8](AnchorGauss[1,2,3,4,5,6,7,8])(>[9,10,11](in3[9,10,11,5])(>[12](fold[1,3,4,8,2,10,12])(>[](in2[10,9,3])(in3[7,12,11,5])))))	induction	10
(>[1,2,3,4,5,6,7,8](AnchorGauss[1,2,3,4,5,6,7,8])(>[9,10,11](in3[9,10,11,5])(>[12](fold[1,3,4,8,2,9,12])(>[](in2[9,10,3])(in3[7,12,11,5])))))	induction	9
(>[1,2,3,4,5,6,7,8](AnchorGauss[1,2,3,4,5,6,7,8])(>[9,10,11](in3[9,10,11,5])(in3[10,9,11,5])))	direct	-1
(>[1,2,3,4,5,6,7,8](AnchorGauss[1,2,3,4,5,6,7,8])(>[9,10](fXY[9,10,1])(>[11](interval[1,4,2,11,10])(sequence[1,4,2,11,9]))))	direct	-1
(>[1,2,3,4,5,6,7,8](AnchorGauss[1,2,3,4,5,6,7,8])(>[9,10](fold[1,3,4,8,2,9,10])(>[11](in2[9,11,3])(>[12](in3[7,10,12,5])(in3[11,9,12,5])))))	direct	-1
(>[1,2,3,4,5,6,7,8](AnchorGauss[1,2,3,4,5,6,7,8])(>[9,10](fold[1,3,4,8,2,9,10])(>[11](in2[9,11,3])(>[12](in3[7,10,12,5])(in3[9,11,12,5])))))	direct	-1
(>[1,2,3,4,5,6,7,8](AnchorGauss[1,2,3,4,5,6,7,8])(>[9,10](in2[9,10,3])(>[11,12](limitSequence[1,4,9,11,12])(>[](sequence[1,4,2,10,11])(sequence[1,4,2,9,12])))))	direct	-1
(>[1,2,3,4,5,6,7,8](AnchorGauss[1,2,3,4,5,6,7,8])(>[9,10](in2[9,10,3])(>[11,12](limitSet[1,4,11,9,12])(>[](interval[1,4,2,10,11])(interval[1,4,2,9,12])))))	direct	-1
(>[1,2,3,4,5,6,7,8](AnchorGauss[1,2,3,4,5,6,7,8])(>[9,10](in2[9,10,3])(>[11](interval[1,4,2,10,11])(existence5[1,4,11,9,2]))))	reformulated statement	(>[1,2,3,4,5,6,7,8](AnchorGauss[1,2,3,4,5,6,7,8])(>[9,10](in2[9,10,3])(>[11,12](limitSet[1,4,11,9,12])(>[](interval[1,4,2,10,11])(interval[1,4,2,9,12])))))
(>[1,2,3,4,5,6,7,8](AnchorGauss[1,2,3,4,5,6,7,8])(>[9,10](in2[9,10,3])(>[11](preorder[1,4,10,11])(preorder[1,4,9,11]))))	direct	-1
(>[1,2,3,4,5,6,7,8](AnchorGauss[1,2,3,4,5,6,7,8])(>[9,10](in2[9,10,3])(>[11](preorder[1,4,11,9])(preorder[1,4,11,10]))))	direct	-1
(>[1,2,3,4,5,6,7,8](AnchorGauss[1,2,3,4,5,6,7,8])(>[9,10](in2[9,10,3])(>[11](sequence[1,4,2,10,11])(existence6[1,4,9,11,2]))))	reformulated statement	(>[1,2,3,4,5,6,7,8](AnchorGauss[1,2,3,4,5,6,7,8])(>[9,10](in2[9,10,3])(>[11,12](limitSequence[1,4,9,11,12])(>[](sequence[1,4,2,10,11])(sequence[1,4,2,9,12])))))
(>[1,2,3,4,5,6,7,8](AnchorGauss[1,2,3,4,5,6,7,8])(>[9,10](in2[9,10,3])(preorder[1,4,9,10])))	direct	-1
(>[1,2,3,4,5,6,7,8](AnchorGauss[1,2,3,4,5,6,7,8])(>[9,10](interval[1,4,2,9,10])(>[11](sequence[1,4,2,9,11])(fXY[11,10,1]))))	direct	-1
(>[1,2,3,4,5,6,7,8](AnchorGauss[1,2,3,4,5,6,7,8])(>[9,10](interval[1,4,2,9,10])(>[](interval[1,4,2,6,10])(in[9,10]))))	direct	-1
(>[1,2,3,4,5,6,7,8](AnchorGauss[1,2,3,4,5,6,7,8])(>[9,10](interval[1,4,2,9,10])(in[9,10])))	direct	-1
(>[1,2,3,4,5,6,7,8](AnchorGauss[1,2,3,4,5,6,7,8])(>[9,10](preorder[1,4,9,10])(>[11](preorder[1,4,10,11])(preorder[1,4,9,11]))))	direct	-1
(>[1,2,3,4,5,6,7,8](AnchorGauss[1,2,3,4,5,6,7,8])(>[9](interval[1,4,2,6,9])(in[6,9])))	direct	-1
(>[1,2,3,4,5,6,7,8](AnchorGauss[1,2,3,4,5,6,7,8])(AnchorPeano[1,2,3,4,5,6]))	direct	-1
