(>[1,2,3,4,5,6,7,8](AnchorGauss[1,2,3,4,5,6,7,8])(>[9,10,11](in3[9,10,11,4])(>[12,13](fold[1,3,4,8,2,12,13])(>[](in2[9,12,3])(in3[10,13,11,4])))))	(>[1,2,3,4,5,6,7,8](AnchorGauss[1,2,3,4,5,6,7,8])(>[9,10,11](in3[9,10,11,4])(>[12,13](in2[12,13,3])(>[](fold[1,3,4,8,2,13,10])(in3[12,9,11,4])))))
(>[1,2,3,4,5,6,7,8](AnchorGauss[1,2,3,4,5,6,7,8])(>[9,10,11](in3[9,10,11,4])(>[12,13](in3[10,12,13,4])(>[](in2[12,9,3])(fold[1,3,4,8,2,11,13])))))	(>[1,2,3,4,5,6,7,8](AnchorGauss[1,2,3,4,5,6,7,8])(>[9,10,11](in3[9,10,11,4])(>[12](fold[1,3,4,8,2,11,12])(>[13](in2[13,9,3])(in3[10,13,12,4])))))
(>[1,2,3,4,5,6,7,8](AnchorGauss[1,2,3,4,5,6,7,8])(>[9,10,11](in3[9,10,11,4])(>[12,13](in3[10,12,13,4])(>[](in2[9,12,3])(fold[1,3,4,8,2,13,11])))))	(>[1,2,3,4,5,6,7,8](AnchorGauss[1,2,3,4,5,6,7,8])(>[9,10,11](in3[9,10,11,4])(>[12](fold[1,3,4,8,2,11,12])(>[13](in2[13,10,3])(in3[13,9,12,4])))))
(>[1,2,3,4,5,6,7,8](AnchorGauss[1,2,3,4,5,6,7,8])(>[9,10,11](in3[9,10,11,4])(>[12,13](in3[12,10,13,4])(>[](in2[9,12,3])(fold[1,3,4,8,2,13,11])))))	(>[1,2,3,4,5,6,7,8](AnchorGauss[1,2,3,4,5,6,7,8])(>[9,10,11](in3[9,10,11,4])(>[12](fold[1,3,4,8,2,11,12])(>[13](in2[13,9,3])(in3[13,10,12,4])))))
(>[1,2,3,4,5,6,7,8](AnchorGauss[1,2,3,4,5,6,7,8])(>[9,10,11](in3[9,10,11,4])(>[12,13](in3[9,12,13,4])(>[](in2[10,12,3])(fold[1,3,4,8,2,13,11])))))	(>[1,2,3,4,5,6,7,8](AnchorGauss[1,2,3,4,5,6,7,8])(>[9,10,11](in3[9,10,11,4])(>[12](fold[1,3,4,8,2,11,12])(>[13](in2[13,10,3])(in3[9,13,12,4])))))
(>[1,2,3,4,5,6,7,8](AnchorGauss[1,2,3,4,5,6,7,8])(>[9,10,11](in3[9,10,11,4])(>[12](fold[1,3,4,8,2,10,12])(>[13](in2[11,13,3])(in3[12,9,13,4])))))	(>[1,2,3,4,5,6,7,8](AnchorGauss[1,2,3,4,5,6,7,8])(>[9,10,11](in3[9,10,11,4])(>[12,13](in3[10,12,13,4])(>[](fold[1,3,4,8,2,12,9])(in2[13,11,3])))))
(>[1,2,3,4,5,6,7,8](AnchorGauss[1,2,3,4,5,6,7,8])(>[9,10,11](in3[9,10,11,4])(>[12](fold[1,3,4,8,2,10,12])(>[13](in2[11,13,3])(in3[9,12,13,4])))))	(>[1,2,3,4,5,6,7,8](AnchorGauss[1,2,3,4,5,6,7,8])(>[9,10,11](in3[9,10,11,4])(>[12,13](in3[9,12,13,4])(>[](fold[1,3,4,8,2,10,12])(in2[11,13,3])))))
(>[1,2,3,4,5,6,7,8](AnchorGauss[1,2,3,4,5,6,7,8])(>[9,10,11](in3[9,10,11,4])(>[12](fold[1,3,4,8,2,10,12])(>[13](in2[12,13,3])(in3[13,9,11,4])))))	(>[1,2,3,4,5,6,7,8](AnchorGauss[1,2,3,4,5,6,7,8])(>[9,10,11](in3[9,10,11,4])(>[12,13](fold[1,3,4,8,2,12,13])(>[](in2[13,9,3])(in3[10,12,11,4])))))
(>[1,2,3,4,5,6,7,8](AnchorGauss[1,2,3,4,5,6,7,8])(>[9,10,11](in3[9,10,11,4])(>[12](fold[1,3,4,8,2,10,12])(>[13](in2[12,13,3])(in3[9,13,11,4])))))	(>[1,2,3,4,5,6,7,8](AnchorGauss[1,2,3,4,5,6,7,8])(>[9,10,11](in3[9,10,11,4])(>[12,13](fold[1,3,4,8,2,12,13])(>[](in2[13,10,3])(in3[9,12,11,4])))))
(>[1,2,3,4,5,6,7,8](AnchorGauss[1,2,3,4,5,6,7,8])(>[9,10,11](in3[9,10,11,4])(>[12](fold[1,3,4,8,2,10,12])(>[13](in2[9,13,3])(in3[12,13,11,4])))))	(>[1,2,3,4,5,6,7,8](AnchorGauss[1,2,3,4,5,6,7,8])(>[9,10,11](in3[9,10,11,4])(>[12](fold[1,3,4,8,2,12,9])(>[13](in2[13,10,3])(in3[13,12,11,4])))))
(>[1,2,3,4,5,6,7,8](AnchorGauss[1,2,3,4,5,6,7,8])(>[9,10,11](in3[9,10,11,4])(>[12](fold[1,3,4,8,2,10,12])(>[13](in2[9,13,3])(in3[13,12,11,4])))))	(>[1,2,3,4,5,6,7,8](AnchorGauss[1,2,3,4,5,6,7,8])(>[9,10,11](in3[9,10,11,4])(>[12](fold[1,3,4,8,2,12,10])(>[13](in2[13,9,3])(in3[13,12,11,4])))))
(>[1,2,3,4,5,6,7,8](AnchorGauss[1,2,3,4,5,6,7,8])(>[9,10,11](in3[9,10,11,4])(>[12](fold[1,3,4,8,2,10,12])(>[](in2[10,9,3])(in3[10,11,12,5])))))	(>[1,2,3,4,5,6,7,8](AnchorGauss[1,2,3,4,5,6,7,8])(>[9,10,11](in3[9,10,11,4])(>[12](in3[10,11,12,5])(>[](in2[10,9,3])(fold[1,3,4,8,2,10,12])))))
(>[1,2,3,4,5,6,7,8](AnchorGauss[1,2,3,4,5,6,7,8])(>[9,10,11](in3[9,10,11,4])(>[12](fold[1,3,4,8,2,10,12])(>[](in2[10,9,3])(in3[11,10,12,4])))))	(>[1,2,3,4,5,6,7,8](AnchorGauss[1,2,3,4,5,6,7,8])(>[9,10,11](in3[9,10,11,4])(>[12](in2[10,12,3])(>[](in3[12,10,9,4])(fold[1,3,4,8,2,10,11])))))
(>[1,2,3,4,5,6,7,8](AnchorGauss[1,2,3,4,5,6,7,8])(>[9,10,11](in3[9,10,11,4])(>[12](fold[1,3,4,8,2,10,12])(>[](in2[10,9,3])(in3[11,10,12,5])))))	(>[1,2,3,4,5,6,7,8](AnchorGauss[1,2,3,4,5,6,7,8])(>[9,10,11](in3[9,10,11,4])(>[12](in3[11,10,12,5])(>[](in2[10,9,3])(fold[1,3,4,8,2,10,12])))))
(>[1,2,3,4,5,6,7,8](AnchorGauss[1,2,3,4,5,6,7,8])(>[9,10,11](in3[9,10,11,4])(>[12](fold[1,3,4,8,2,10,12])(>[](in2[10,9,3])(in3[7,11,12,4])))))	(>[1,2,3,4,5,6,7,8](AnchorGauss[1,2,3,4,5,6,7,8])(>[9,10,11](in3[9,10,11,4])(>[12](in3[7,11,12,4])(>[](in2[10,9,3])(fold[1,3,4,8,2,10,12])))))
(>[1,2,3,4,5,6,7,8](AnchorGauss[1,2,3,4,5,6,7,8])(>[9,10,11](in3[9,10,11,4])(>[12](fold[1,3,4,8,2,10,12])(>[](in2[10,9,3])(in3[7,11,12,5])))))	(>[1,2,3,4,5,6,7,8](AnchorGauss[1,2,3,4,5,6,7,8])(>[9,10,11](in3[9,10,11,4])(>[12](in3[7,11,12,5])(>[](in2[10,9,3])(fold[1,3,4,8,2,10,12])))))
(>[1,2,3,4,5,6,7,8](AnchorGauss[1,2,3,4,5,6,7,8])(>[9,10,11](in3[9,10,11,4])(>[12](fold[1,3,4,8,2,10,12])(>[](in2[10,9,3])(in3[7,12,11,4])))))	(>[1,2,3,4,5,6,7,8](AnchorGauss[1,2,3,4,5,6,7,8])(>[9,10](fold[1,3,4,8,2,9,10])(>[11](in2[9,11,3])(>[12](in3[7,10,12,4])(in3[11,9,12,4])))))
(>[1,2,3,4,5,6,7,8](AnchorGauss[1,2,3,4,5,6,7,8])(>[9,10,11](in3[9,10,11,4])(>[12](fold[1,3,4,8,2,10,12])(>[](in3[7,10,9,4])(in2[11,12,3])))))	(>[1,2,3,4,5,6,7,8](AnchorGauss[1,2,3,4,5,6,7,8])(>[9,10,11](in3[9,10,11,4])(>[12](in2[11,12,3])(>[](in3[7,10,9,4])(fold[1,3,4,8,2,10,12])))))
(>[1,2,3,4,5,6,7,8](AnchorGauss[1,2,3,4,5,6,7,8])(>[9,10,11](in3[9,10,11,4])(>[12](fold[1,3,4,8,2,10,12])(>[](in3[7,10,9,4])(in2[12,11,3])))))	(>[1,2,3,4,5,6,7,8](AnchorGauss[1,2,3,4,5,6,7,8])(>[9,10](fold[1,3,4,8,2,9,10])(>[11](in2[10,11,3])(>[12](in3[7,9,12,4])(in3[12,9,11,4])))))
(>[1,2,3,4,5,6,7,8](AnchorGauss[1,2,3,4,5,6,7,8])(>[9,10,11](in3[9,10,11,4])(>[12](fold[1,3,4,8,2,10,12])(>[](in3[7,10,9,5])(in2[11,12,3])))))	(>[1,2,3,4,5,6,7,8](AnchorGauss[1,2,3,4,5,6,7,8])(>[9,10,11](in3[9,10,11,4])(>[12](in2[11,12,3])(>[](in3[7,10,9,5])(fold[1,3,4,8,2,10,12])))))
(>[1,2,3,4,5,6,7,8](AnchorGauss[1,2,3,4,5,6,7,8])(>[9,10,11](in3[9,10,11,4])(>[12](fold[1,3,4,8,2,10,12])(>[](in3[7,10,9,5])(in2[12,11,3])))))	(>[1,2,3,4,5,6,7,8](AnchorGauss[1,2,3,4,5,6,7,8])(>[9,10](fold[1,3,4,8,2,9,10])(>[11](in2[10,11,3])(>[12](in3[7,9,12,5])(in3[12,9,11,4])))))
(>[1,2,3,4,5,6,7,8](AnchorGauss[1,2,3,4,5,6,7,8])(>[9,10,11](in3[9,10,11,4])(>[12](fold[1,3,4,8,2,10,12])(in3[9,12,11,4]))))	(>[1,2,3,4,5,6,7,8](AnchorGauss[1,2,3,4,5,6,7,8])(>[9,10,11](in3[9,10,11,4])(>[12](fold[1,3,4,8,2,12,10])(in3[9,12,11,4]))))
(>[1,2,3,4,5,6,7,8](AnchorGauss[1,2,3,4,5,6,7,8])(>[9,10,11](in3[9,10,11,4])(>[12](fold[1,3,4,8,2,11,12])(>[13](in2[10,13,3])(in3[13,9,12,4])))))	(>[1,2,3,4,5,6,7,8](AnchorGauss[1,2,3,4,5,6,7,8])(>[9,10,11](in3[9,10,11,4])(>[12,13](in3[10,12,13,4])(>[](in2[12,9,3])(fold[1,3,4,8,2,13,11])))))
(>[1,2,3,4,5,6,7,8](AnchorGauss[1,2,3,4,5,6,7,8])(>[9,10,11](in3[9,10,11,4])(>[12](fold[1,3,4,8,2,11,12])(>[13](in2[10,13,3])(in3[9,13,12,4])))))	(>[1,2,3,4,5,6,7,8](AnchorGauss[1,2,3,4,5,6,7,8])(>[9,10,11](in3[9,10,11,4])(>[12,13](in3[9,12,13,4])(>[](in2[10,12,3])(fold[1,3,4,8,2,11,13])))))
(>[1,2,3,4,5,6,7,8](AnchorGauss[1,2,3,4,5,6,7,8])(>[9,10,11](in3[9,10,11,4])(>[12](fold[1,3,4,8,2,11,12])(>[13](in2[9,13,3])(in3[10,13,12,4])))))	(>[1,2,3,4,5,6,7,8](AnchorGauss[1,2,3,4,5,6,7,8])(>[9,10,11](in3[9,10,11,4])(>[12,13](in3[10,12,13,4])(>[](in2[9,12,3])(fold[1,3,4,8,2,11,13])))))
(>[1,2,3,4,5,6,7,8](AnchorGauss[1,2,3,4,5,6,7,8])(>[9,10,11](in3[9,10,11,4])(>[12](fold[1,3,4,8,2,11,12])(>[13](in2[9,13,3])(in3[13,10,12,4])))))	(>[1,2,3,4,5,6,7,8](AnchorGauss[1,2,3,4,5,6,7,8])(>[9,10,11](in3[9,10,11,4])(>[12,13](in3[12,10,13,4])(>[](in2[12,9,3])(fold[1,3,4,8,2,13,11])))))
(>[1,2,3,4,5,6,7,8](AnchorGauss[1,2,3,4,5,6,7,8])(>[9,10,11](in3[9,10,11,4])(>[12](fold[1,3,4,8,2,12,10])(>[13](in2[11,13,3])(in3[12,9,13,4])))))	(>[1,2,3,4,5,6,7,8](AnchorGauss[1,2,3,4,5,6,7,8])(>[9,10,11](in3[9,10,11,4])(>[12,13](in3[10,12,13,4])(>[](fold[1,3,4,8,2,9,12])(in2[13,11,3])))))
(>[1,2,3,4,5,6,7,8](AnchorGauss[1,2,3,4,5,6,7,8])(>[9,10,11](in3[9,10,11,4])(>[12](fold[1,3,4,8,2,12,10])(>[13](in2[11,13,3])(in3[9,12,13,4])))))	(>[1,2,3,4,5,6,7,8](AnchorGauss[1,2,3,4,5,6,7,8])(>[9,10,11](in3[9,10,11,4])(>[12,13](in3[9,12,13,4])(>[](fold[1,3,4,8,2,10,12])(in2[13,11,3])))))
(>[1,2,3,4,5,6,7,8](AnchorGauss[1,2,3,4,5,6,7,8])(>[9,10,11](in3[9,10,11,4])(>[12](fold[1,3,4,8,2,12,10])(>[13](in2[12,13,3])(in3[13,9,11,4])))))	(>[1,2,3,4,5,6,7,8](AnchorGauss[1,2,3,4,5,6,7,8])(>[9,10,11](in3[9,10,11,4])(>[12,13](fold[1,3,4,8,2,12,13])(>[](in2[12,9,3])(in3[10,13,11,4])))))
(>[1,2,3,4,5,6,7,8](AnchorGauss[1,2,3,4,5,6,7,8])(>[9,10,11](in3[9,10,11,4])(>[12](fold[1,3,4,8,2,12,10])(>[13](in2[12,13,3])(in3[9,13,11,4])))))	(>[1,2,3,4,5,6,7,8](AnchorGauss[1,2,3,4,5,6,7,8])(>[9,10,11](in3[9,10,11,4])(>[12,13](fold[1,3,4,8,2,12,13])(>[](in2[12,10,3])(in3[9,13,11,4])))))
(>[1,2,3,4,5,6,7,8](AnchorGauss[1,2,3,4,5,6,7,8])(>[9,10,11](in3[9,10,11,4])(>[12](fold[1,3,4,8,2,12,10])(>[13](in2[13,12,3])(in3[9,13,11,4])))))	(>[1,2,3,4,5,6,7,8](AnchorGauss[1,2,3,4,5,6,7,8])(>[9,10,11](in3[9,10,11,4])(>[12,13](fold[1,3,4,8,2,12,13])(>[](in2[10,12,3])(in3[9,13,11,4])))))
(>[1,2,3,4,5,6,7,8](AnchorGauss[1,2,3,4,5,6,7,8])(>[9,10,11](in3[9,10,11,4])(>[12](fold[1,3,4,8,2,12,10])(>[13](in2[9,13,3])(in3[12,13,11,4])))))	(>[1,2,3,4,5,6,7,8](AnchorGauss[1,2,3,4,5,6,7,8])(>[9,10,11](in3[9,10,11,4])(>[12](fold[1,3,4,8,2,9,12])(>[13](in2[13,10,3])(in3[13,12,11,4])))))
(>[1,2,3,4,5,6,7,8](AnchorGauss[1,2,3,4,5,6,7,8])(>[9,10,11](in3[9,10,11,4])(>[12](fold[1,3,4,8,2,12,10])(>[13](in2[9,13,3])(in3[13,12,11,4])))))	(>[1,2,3,4,5,6,7,8](AnchorGauss[1,2,3,4,5,6,7,8])(>[9,10,11](in3[9,10,11,4])(>[12](fold[1,3,4,8,2,10,12])(>[13](in2[13,9,3])(in3[13,12,11,4])))))
(>[1,2,3,4,5,6,7,8](AnchorGauss[1,2,3,4,5,6,7,8])(>[9,10,11](in3[9,10,11,4])(>[12](fold[1,3,4,8,2,12,9])(>[13](in2[10,13,3])(in3[12,13,11,4])))))	(>[1,2,3,4,5,6,7,8](AnchorGauss[1,2,3,4,5,6,7,8])(>[9,10,11](in3[9,10,11,4])(>[12](fold[1,3,4,8,2,9,12])(>[13](in2[13,10,3])(in3[12,13,11,4])))))
(>[1,2,3,4,5,6,7,8](AnchorGauss[1,2,3,4,5,6,7,8])(>[9,10,11](in3[9,10,11,4])(>[12](fold[1,3,4,8,2,12,9])(>[13](in2[10,13,3])(in3[13,12,11,4])))))	(>[1,2,3,4,5,6,7,8](AnchorGauss[1,2,3,4,5,6,7,8])(>[9,10,11](in3[9,10,11,4])(>[12](fold[1,3,4,8,2,10,12])(>[13](in2[13,9,3])(in3[12,13,11,4])))))
(>[1,2,3,4,5,6,7,8](AnchorGauss[1,2,3,4,5,6,7,8])(>[9,10,11](in3[9,10,11,4])(>[12](fold[1,3,4,8,2,12,9])(>[13](in2[11,13,3])(in3[10,12,13,4])))))	(>[1,2,3,4,5,6,7,8](AnchorGauss[1,2,3,4,5,6,7,8])(>[9,10,11](in3[9,10,11,4])(>[12,13](in3[10,12,13,4])(>[](fold[1,3,4,8,2,12,9])(in2[11,13,3])))))
(>[1,2,3,4,5,6,7,8](AnchorGauss[1,2,3,4,5,6,7,8])(>[9,10,11](in3[9,10,11,4])(>[12](fold[1,3,4,8,2,12,9])(>[13](in2[11,13,3])(in3[12,10,13,4])))))	(>[1,2,3,4,5,6,7,8](AnchorGauss[1,2,3,4,5,6,7,8])(>[9,10,11](in3[9,10,11,4])(>[12,13](in3[12,10,13,4])(>[](fold[1,3,4,8,2,12,9])(in2[11,13,3])))))
(>[1,2,3,4,5,6,7,8](AnchorGauss[1,2,3,4,5,6,7,8])(>[9,10,11](in3[9,10,11,4])(>[12](fold[1,3,4,8,2,12,9])(>[13](in2[12,13,3])(in3[10,13,11,4])))))	(>[1,2,3,4,5,6,7,8](AnchorGauss[1,2,3,4,5,6,7,8])(>[9,10,11](in3[9,10,11,4])(>[12,13](fold[1,3,4,8,2,12,13])(>[](in2[12,10,3])(in3[13,9,11,4])))))
(>[1,2,3,4,5,6,7,8](AnchorGauss[1,2,3,4,5,6,7,8])(>[9,10,11](in3[9,10,11,4])(>[12](fold[1,3,4,8,2,12,9])(>[13](in2[12,13,3])(in3[13,10,11,4])))))	(>[1,2,3,4,5,6,7,8](AnchorGauss[1,2,3,4,5,6,7,8])(>[9,10,11](in3[9,10,11,4])(>[12,13](fold[1,3,4,8,2,12,13])(>[](in2[12,9,3])(in3[13,10,11,4])))))
(>[1,2,3,4,5,6,7,8](AnchorGauss[1,2,3,4,5,6,7,8])(>[9,10,11](in3[9,10,11,4])(>[12](fold[1,3,4,8,2,12,9])(>[13](in2[13,12,3])(in3[10,13,11,4])))))	(>[1,2,3,4,5,6,7,8](AnchorGauss[1,2,3,4,5,6,7,8])(>[9,10,11](in3[9,10,11,4])(>[12,13](fold[1,3,4,8,2,12,13])(>[](in2[10,12,3])(in3[13,9,11,4])))))
(>[1,2,3,4,5,6,7,8](AnchorGauss[1,2,3,4,5,6,7,8])(>[9,10,11](in3[9,10,11,4])(>[12](fold[1,3,4,8,2,12,9])(>[13](in2[13,12,3])(in3[13,10,11,4])))))	(>[1,2,3,4,5,6,7,8](AnchorGauss[1,2,3,4,5,6,7,8])(>[9,10,11](in3[9,10,11,4])(>[12,13](fold[1,3,4,8,2,12,13])(>[](in2[9,12,3])(in3[13,10,11,4])))))
(>[1,2,3,4,5,6,7,8](AnchorGauss[1,2,3,4,5,6,7,8])(>[9,10,11](in3[9,10,11,4])(>[12](fold[1,3,4,8,2,12,9])(in3[10,12,11,4]))))	(>[1,2,3,4,5,6,7,8](AnchorGauss[1,2,3,4,5,6,7,8])(>[9,10,11](in3[9,10,11,4])(>[12](fold[1,3,4,8,2,10,12])(in3[12,9,11,4]))))
(>[1,2,3,4,5,6,7,8](AnchorGauss[1,2,3,4,5,6,7,8])(>[9,10,11](in3[9,10,11,4])(>[12](fold[1,3,4,8,2,9,12])(>[13](in2[10,13,3])(in3[12,13,11,4])))))	(>[1,2,3,4,5,6,7,8](AnchorGauss[1,2,3,4,5,6,7,8])(>[9,10,11](in3[9,10,11,4])(>[12](fold[1,3,4,8,2,12,9])(>[13](in2[13,10,3])(in3[12,13,11,4])))))
(>[1,2,3,4,5,6,7,8](AnchorGauss[1,2,3,4,5,6,7,8])(>[9,10,11](in3[9,10,11,4])(>[12](fold[1,3,4,8,2,9,12])(>[13](in2[10,13,3])(in3[13,12,11,4])))))	(>[1,2,3,4,5,6,7,8](AnchorGauss[1,2,3,4,5,6,7,8])(>[9,10,11](in3[9,10,11,4])(>[12](fold[1,3,4,8,2,12,10])(>[13](in2[13,9,3])(in3[12,13,11,4])))))
(>[1,2,3,4,5,6,7,8](AnchorGauss[1,2,3,4,5,6,7,8])(>[9,10,11](in3[9,10,11,4])(>[12](fold[1,3,4,8,2,9,12])(>[13](in2[11,13,3])(in3[10,12,13,4])))))	(>[1,2,3,4,5,6,7,8](AnchorGauss[1,2,3,4,5,6,7,8])(>[9,10,11](in3[9,10,11,4])(>[12,13](in3[10,12,13,4])(>[](fold[1,3,4,8,2,9,12])(in2[11,13,3])))))
(>[1,2,3,4,5,6,7,8](AnchorGauss[1,2,3,4,5,6,7,8])(>[9,10,11](in3[9,10,11,4])(>[12](fold[1,3,4,8,2,9,12])(>[13](in2[11,13,3])(in3[12,10,13,4])))))	(>[1,2,3,4,5,6,7,8](AnchorGauss[1,2,3,4,5,6,7,8])(>[9,10,11](in3[9,10,11,4])(>[12,13](in3[12,10,13,4])(>[](fold[1,3,4,8,2,12,9])(in2[13,11,3])))))
(>[1,2,3,4,5,6,7,8](AnchorGauss[1,2,3,4,5,6,7,8])(>[9,10,11](in3[9,10,11,4])(>[12](fold[1,3,4,8,2,9,12])(>[13](in2[12,13,3])(in3[10,13,11,4])))))	(>[1,2,3,4,5,6,7,8](AnchorGauss[1,2,3,4,5,6,7,8])(>[9,10,11](in3[9,10,11,4])(>[12,13](fold[1,3,4,8,2,12,13])(>[](in2[13,10,3])(in3[12,9,11,4])))))
(>[1,2,3,4,5,6,7,8](AnchorGauss[1,2,3,4,5,6,7,8])(>[9,10,11](in3[9,10,11,4])(>[12](fold[1,3,4,8,2,9,12])(>[13](in2[12,13,3])(in3[13,10,11,4])))))	(>[1,2,3,4,5,6,7,8](AnchorGauss[1,2,3,4,5,6,7,8])(>[9,10,11](in3[9,10,11,4])(>[12,13](fold[1,3,4,8,2,12,13])(>[](in2[13,9,3])(in3[12,10,11,4])))))
(>[1,2,3,4,5,6,7,8](AnchorGauss[1,2,3,4,5,6,7,8])(>[9,10,11](in3[9,10,11,4])(>[12](fold[1,3,4,8,2,9,12])(>[](in2[9,10,3])(in3[11,9,12,5])))))	(>[1,2,3,4,5,6,7,8](AnchorGauss[1,2,3,4,5,6,7,8])(>[9,10,11](in3[9,10,11,4])(>[12](in3[11,9,12,5])(>[](in2[9,10,3])(fold[1,3,4,8,2,9,12])))))
(>[1,2,3,4,5,6,7,8](AnchorGauss[1,2,3,4,5,6,7,8])(>[9,10,11](in3[9,10,11,4])(>[12](fold[1,3,4,8,2,9,12])(>[](in2[9,10,3])(in3[7,11,12,4])))))	(>[1,2,3,4,5,6,7,8](AnchorGauss[1,2,3,4,5,6,7,8])(>[9,10,11](in3[9,10,11,4])(>[12](in3[7,11,12,4])(>[](in2[9,10,3])(fold[1,3,4,8,2,9,12])))))
(>[1,2,3,4,5,6,7,8](AnchorGauss[1,2,3,4,5,6,7,8])(>[9,10,11](in3[9,10,11,4])(>[12](fold[1,3,4,8,2,9,12])(>[](in2[9,10,3])(in3[7,11,12,5])))))	(>[1,2,3,4,5,6,7,8](AnchorGauss[1,2,3,4,5,6,7,8])(>[9,10,11](in3[9,10,11,4])(>[12](in3[7,11,12,5])(>[](in2[9,10,3])(fold[1,3,4,8,2,9,12])))))
(>[1,2,3,4,5,6,7,8](AnchorGauss[1,2,3,4,5,6,7,8])(>[9,10,11](in3[9,10,11,4])(>[12](fold[1,3,4,8,2,9,12])(>[](in2[9,10,3])(in3[7,12,11,4])))))	(>[1,2,3,4,5,6,7,8](AnchorGauss[1,2,3,4,5,6,7,8])(>[9,10](fold[1,3,4,8,2,9,10])(>[11](in2[9,11,3])(>[12](in3[7,10,12,4])(in3[9,11,12,4])))))
(>[1,2,3,4,5,6,7,8](AnchorGauss[1,2,3,4,5,6,7,8])(>[9,10,11](in3[9,10,11,4])(>[12](fold[1,3,4,8,2,9,12])(>[](in2[9,10,3])(in3[9,11,12,4])))))	(>[1,2,3,4,5,6,7,8](AnchorGauss[1,2,3,4,5,6,7,8])(>[9,10,11](in3[9,10,11,4])(>[12](in2[9,12,3])(>[](in3[9,12,10,4])(fold[1,3,4,8,2,9,11])))))
(>[1,2,3,4,5,6,7,8](AnchorGauss[1,2,3,4,5,6,7,8])(>[9,10,11](in3[9,10,11,4])(>[12](fold[1,3,4,8,2,9,12])(>[](in2[9,10,3])(in3[9,11,12,5])))))	(>[1,2,3,4,5,6,7,8](AnchorGauss[1,2,3,4,5,6,7,8])(>[9,10,11](in3[9,10,11,4])(>[12](in3[9,11,12,5])(>[](in2[9,10,3])(fold[1,3,4,8,2,9,12])))))
(>[1,2,3,4,5,6,7,8](AnchorGauss[1,2,3,4,5,6,7,8])(>[9,10,11](in3[9,10,11,4])(>[12](fold[1,3,4,8,2,9,12])(>[](in3[7,9,10,5])(in2[11,12,3])))))	(>[1,2,3,4,5,6,7,8](AnchorGauss[1,2,3,4,5,6,7,8])(>[9,10,11](in3[9,10,11,4])(>[12](in2[11,12,3])(>[](in3[7,9,10,5])(fold[1,3,4,8,2,9,12])))))
(>[1,2,3,4,5,6,7,8](AnchorGauss[1,2,3,4,5,6,7,8])(>[9,10,11](in3[9,10,11,4])(>[12](fold[1,3,4,8,2,9,12])(>[](in3[7,9,10,5])(in2[12,11,3])))))	(>[1,2,3,4,5,6,7,8](AnchorGauss[1,2,3,4,5,6,7,8])(>[9,10](fold[1,3,4,8,2,9,10])(>[11](in2[10,11,3])(>[12](in3[7,9,12,5])(in3[9,12,11,4])))))
(>[1,2,3,4,5,6,7,8](AnchorGauss[1,2,3,4,5,6,7,8])(>[9,10,11](in3[9,10,11,4])(>[12](fold[1,3,4,8,2,9,12])(in3[10,12,11,4]))))	(>[1,2,3,4,5,6,7,8](AnchorGauss[1,2,3,4,5,6,7,8])(>[9,10,11](in3[9,10,11,4])(>[12](fold[1,3,4,8,2,12,10])(in3[12,9,11,4]))))
(>[1,2,3,4,5,6,7,8](AnchorGauss[1,2,3,4,5,6,7,8])(>[9,10,11](in3[9,10,11,4])(>[12](fold[1,3,4,8,2,9,12])(in3[12,10,11,4]))))	(>[1,2,3,4,5,6,7,8](AnchorGauss[1,2,3,4,5,6,7,8])(>[9,10,11](in3[9,10,11,4])(>[12](fold[1,3,4,8,2,12,9])(in3[12,10,11,4]))))
(>[1,2,3,4,5,6,7,8](AnchorGauss[1,2,3,4,5,6,7,8])(>[9,10,11](in3[9,10,11,4])(>[12](in2[10,12,3])(>[](fold[1,3,4,8,2,10,9])(in3[10,11,12,5])))))	(>[1,2,3,4,5,6,7,8](AnchorGauss[1,2,3,4,5,6,7,8])(>[9,10,11](in3[9,10,11,4])(>[12](in3[10,11,12,5])(>[](fold[1,3,4,8,2,10,9])(in2[10,12,3])))))
(>[1,2,3,4,5,6,7,8](AnchorGauss[1,2,3,4,5,6,7,8])(>[9,10,11](in3[9,10,11,4])(>[12](in2[10,12,3])(>[](fold[1,3,4,8,2,10,9])(in3[10,12,11,4])))))	(>[1,2,3,4,5,6,7,8](AnchorGauss[1,2,3,4,5,6,7,8])(>[9,10,11](in3[9,10,11,4])(>[12](fold[1,3,4,8,2,9,12])(>[](in2[9,10,3])(in3[12,9,11,4])))))
(>[1,2,3,4,5,6,7,8](AnchorGauss[1,2,3,4,5,6,7,8])(>[9,10,11](in3[9,10,11,4])(>[12](in2[10,12,3])(>[](fold[1,3,4,8,2,10,9])(in3[11,10,12,4])))))	(>[1,2,3,4,5,6,7,8](AnchorGauss[1,2,3,4,5,6,7,8])(>[9,10,11](in3[9,10,11,4])(>[12](fold[1,3,4,8,2,10,12])(>[](in3[12,10,9,4])(in2[10,11,3])))))
(>[1,2,3,4,5,6,7,8](AnchorGauss[1,2,3,4,5,6,7,8])(>[9,10,11](in3[9,10,11,4])(>[12](in2[10,12,3])(>[](fold[1,3,4,8,2,10,9])(in3[11,10,12,5])))))	(>[1,2,3,4,5,6,7,8](AnchorGauss[1,2,3,4,5,6,7,8])(>[9,10,11](in3[9,10,11,4])(>[12](in3[11,10,12,5])(>[](fold[1,3,4,8,2,10,9])(in2[10,12,3])))))
(>[1,2,3,4,5,6,7,8](AnchorGauss[1,2,3,4,5,6,7,8])(>[9,10,11](in3[9,10,11,4])(>[12](in2[10,12,3])(>[](fold[1,3,4,8,2,10,9])(in3[12,10,11,4])))))	(>[1,2,3,4,5,6,7,8](AnchorGauss[1,2,3,4,5,6,7,8])(>[9,10,11](in3[9,10,11,4])(>[12](fold[1,3,4,8,2,10,12])(>[](in2[10,9,3])(in3[12,10,11,4])))))
(>[1,2,3,4,5,6,7,8](AnchorGauss[1,2,3,4,5,6,7,8])(>[9,10,11](in3[9,10,11,4])(>[12](in2[10,12,3])(>[](fold[1,3,4,8,2,10,9])(in3[7,11,12,4])))))	(>[1,2,3,4,5,6,7,8](AnchorGauss[1,2,3,4,5,6,7,8])(>[9,10,11](in3[9,10,11,4])(>[12](in3[7,11,12,4])(>[](fold[1,3,4,8,2,10,9])(in2[10,12,3])))))
(>[1,2,3,4,5,6,7,8](AnchorGauss[1,2,3,4,5,6,7,8])(>[9,10,11](in3[9,10,11,4])(>[12](in2[10,12,3])(>[](fold[1,3,4,8,2,10,9])(in3[7,11,12,5])))))	(>[1,2,3,4,5,6,7,8](AnchorGauss[1,2,3,4,5,6,7,8])(>[9,10,11](in3[9,10,11,4])(>[12](in3[7,11,12,5])(>[](fold[1,3,4,8,2,10,9])(in2[10,12,3])))))
(>[1,2,3,4,5,6,7,8](AnchorGauss[1,2,3,4,5,6,7,8])(>[9,10,11](in3[9,10,11,4])(>[12](in2[10,12,3])(>[](fold[1,3,4,8,2,10,9])(in3[7,12,11,4])))))	(>[1,2,3,4,5,6,7,8](AnchorGauss[1,2,3,4,5,6,7,8])(>[9,10](fold[1,3,4,8,2,9,10])(>[11,12](in3[7,11,12,4])(>[](in2[9,11,3])(in3[10,9,12,4])))))
(>[1,2,3,4,5,6,7,8](AnchorGauss[1,2,3,4,5,6,7,8])(>[9,10,11](in3[9,10,11,4])(>[12](in2[10,12,3])(>[](in3[7,10,9,4])(fold[1,3,4,8,2,11,12])))))	(>[1,2,3,4,5,6,7,8](AnchorGauss[1,2,3,4,5,6,7,8])(>[9,10,11](in3[9,10,11,4])(>[12](fold[1,3,4,8,2,11,12])(>[](in3[7,10,9,4])(in2[10,12,3])))))
(>[1,2,3,4,5,6,7,8](AnchorGauss[1,2,3,4,5,6,7,8])(>[9,10,11](in3[9,10,11,4])(>[12](in2[10,12,3])(>[](in3[7,10,9,4])(fold[1,3,4,8,2,12,11])))))	(>[1,2,3,4,5,6,7,8](AnchorGauss[1,2,3,4,5,6,7,8])(>[9,10](fold[1,3,4,8,2,9,10])(>[11,12](in3[7,11,12,4])(>[](in2[11,9,3])(in3[12,11,10,4])))))
(>[1,2,3,4,5,6,7,8](AnchorGauss[1,2,3,4,5,6,7,8])(>[9,10,11](in3[9,10,11,4])(>[12](in2[10,12,3])(>[](in3[7,10,9,5])(fold[1,3,4,8,2,11,12])))))	(>[1,2,3,4,5,6,7,8](AnchorGauss[1,2,3,4,5,6,7,8])(>[9,10,11](in3[9,10,11,4])(>[12](fold[1,3,4,8,2,11,12])(>[](in3[7,10,9,5])(in2[10,12,3])))))
(>[1,2,3,4,5,6,7,8](AnchorGauss[1,2,3,4,5,6,7,8])(>[9,10,11](in3[9,10,11,4])(>[12](in2[10,12,3])(>[](in3[7,10,9,5])(fold[1,3,4,8,2,12,11])))))	(>[1,2,3,4,5,6,7,8](AnchorGauss[1,2,3,4,5,6,7,8])(>[9,10](fold[1,3,4,8,2,9,10])(>[11,12](in3[7,11,12,5])(>[](in2[11,9,3])(in3[12,11,10,4])))))
(>[1,2,3,4,5,6,7,8](AnchorGauss[1,2,3,4,5,6,7,8])(>[9,10,11](in3[9,10,11,4])(>[12](in2[10,12,3])(in3[12,9,11,4]))))	(>[1,2,3,4,5,6,7,8](AnchorGauss[1,2,3,4,5,6,7,8])(>[9,10,11](in3[9,10,11,4])(>[12](in2[12,9,3])(in3[10,12,11,4]))))
(>[1,2,3,4,5,6,7,8](AnchorGauss[1,2,3,4,5,6,7,8])(>[9,10,11](in3[9,10,11,4])(>[12](in2[10,12,3])(in3[9,12,11,4]))))	(>[1,2,3,4,5,6,7,8](AnchorGauss[1,2,3,4,5,6,7,8])(>[9,10,11](in3[9,10,11,4])(>[12](in2[12,10,3])(in3[9,12,11,4]))))
(>[1,2,3,4,5,6,7,8](AnchorGauss[1,2,3,4,5,6,7,8])(>[9,10,11](in3[9,10,11,4])(>[12](in2[9,12,3])(>[](fold[1,3,4,8,2,9,10])(in3[11,9,12,5])))))	(>[1,2,3,4,5,6,7,8](AnchorGauss[1,2,3,4,5,6,7,8])(>[9,10,11](in3[9,10,11,4])(>[12](in3[11,9,12,5])(>[](fold[1,3,4,8,2,9,10])(in2[9,12,3])))))
(>[1,2,3,4,5,6,7,8](AnchorGauss[1,2,3,4,5,6,7,8])(>[9,10,11](in3[9,10,11,4])(>[12](in2[9,12,3])(>[](fold[1,3,4,8,2,9,10])(in3[12,9,11,4])))))	(>[1,2,3,4,5,6,7,8](AnchorGauss[1,2,3,4,5,6,7,8])(>[9,10,11](in3[9,10,11,4])(>[12](fold[1,3,4,8,2,10,12])(>[](in2[10,9,3])(in3[10,12,11,4])))))
(>[1,2,3,4,5,6,7,8](AnchorGauss[1,2,3,4,5,6,7,8])(>[9,10,11](in3[9,10,11,4])(>[12](in2[9,12,3])(>[](fold[1,3,4,8,2,9,10])(in3[7,11,12,4])))))	(>[1,2,3,4,5,6,7,8](AnchorGauss[1,2,3,4,5,6,7,8])(>[9,10,11](in3[9,10,11,4])(>[12](in3[7,11,12,4])(>[](fold[1,3,4,8,2,9,10])(in2[9,12,3])))))
(>[1,2,3,4,5,6,7,8](AnchorGauss[1,2,3,4,5,6,7,8])(>[9,10,11](in3[9,10,11,4])(>[12](in2[9,12,3])(>[](fold[1,3,4,8,2,9,10])(in3[7,11,12,5])))))	(>[1,2,3,4,5,6,7,8](AnchorGauss[1,2,3,4,5,6,7,8])(>[9,10,11](in3[9,10,11,4])(>[12](in3[7,11,12,5])(>[](fold[1,3,4,8,2,9,10])(in2[9,12,3])))))
(>[1,2,3,4,5,6,7,8](AnchorGauss[1,2,3,4,5,6,7,8])(>[9,10,11](in3[9,10,11,4])(>[12](in2[9,12,3])(>[](fold[1,3,4,8,2,9,10])(in3[7,12,11,4])))))	(>[1,2,3,4,5,6,7,8](AnchorGauss[1,2,3,4,5,6,7,8])(>[9,10](fold[1,3,4,8,2,9,10])(>[11,12](in3[7,11,12,4])(>[](in2[9,11,3])(in3[9,10,12,4])))))
(>[1,2,3,4,5,6,7,8](AnchorGauss[1,2,3,4,5,6,7,8])(>[9,10,11](in3[9,10,11,4])(>[12](in2[9,12,3])(>[](fold[1,3,4,8,2,9,10])(in3[9,11,12,4])))))	(>[1,2,3,4,5,6,7,8](AnchorGauss[1,2,3,4,5,6,7,8])(>[9,10,11](in3[9,10,11,4])(>[12](fold[1,3,4,8,2,9,12])(>[](in3[9,12,10,4])(in2[9,11,3])))))
(>[1,2,3,4,5,6,7,8](AnchorGauss[1,2,3,4,5,6,7,8])(>[9,10,11](in3[9,10,11,4])(>[12](in2[9,12,3])(>[](fold[1,3,4,8,2,9,10])(in3[9,11,12,5])))))	(>[1,2,3,4,5,6,7,8](AnchorGauss[1,2,3,4,5,6,7,8])(>[9,10,11](in3[9,10,11,4])(>[12](in3[9,11,12,5])(>[](fold[1,3,4,8,2,9,10])(in2[9,12,3])))))
(>[1,2,3,4,5,6,7,8](AnchorGauss[1,2,3,4,5,6,7,8])(>[9,10,11](in3[9,10,11,4])(>[12](in2[9,12,3])(>[](fold[1,3,4,8,2,9,10])(in3[9,12,11,4])))))	(>[1,2,3,4,5,6,7,8](AnchorGauss[1,2,3,4,5,6,7,8])(>[9,10,11](in3[9,10,11,4])(>[12](fold[1,3,4,8,2,9,12])(>[](in2[9,10,3])(in3[9,12,11,4])))))
(>[1,2,3,4,5,6,7,8](AnchorGauss[1,2,3,4,5,6,7,8])(>[9,10,11](in3[9,10,11,4])(>[12](in2[9,12,3])(>[](in3[7,9,10,5])(fold[1,3,4,8,2,11,12])))))	(>[1,2,3,4,5,6,7,8](AnchorGauss[1,2,3,4,5,6,7,8])(>[9,10,11](in3[9,10,11,4])(>[12](fold[1,3,4,8,2,11,12])(>[](in3[7,9,10,5])(in2[9,12,3])))))
(>[1,2,3,4,5,6,7,8](AnchorGauss[1,2,3,4,5,6,7,8])(>[9,10,11](in3[9,10,11,4])(>[12](in2[9,12,3])(>[](in3[7,9,10,5])(fold[1,3,4,8,2,12,11])))))	(>[1,2,3,4,5,6,7,8](AnchorGauss[1,2,3,4,5,6,7,8])(>[9,10](fold[1,3,4,8,2,9,10])(>[11,12](in3[7,11,12,5])(>[](in2[11,9,3])(in3[11,12,10,4])))))
(>[1,2,3,4,5,6,7,8](AnchorGauss[1,2,3,4,5,6,7,8])(>[9,10,11](in3[9,10,11,4])(>[12](in2[9,12,3])(in3[10,12,11,4]))))	(>[1,2,3,4,5,6,7,8](AnchorGauss[1,2,3,4,5,6,7,8])(>[9,10,11](in3[9,10,11,4])(>[12](in2[12,10,3])(in3[12,9,11,4]))))
(>[1,2,3,4,5,6,7,8](AnchorGauss[1,2,3,4,5,6,7,8])(>[9,10,11](in3[9,10,11,4])(>[12](in2[9,12,3])(in3[12,10,11,4]))))	(>[1,2,3,4,5,6,7,8](AnchorGauss[1,2,3,4,5,6,7,8])(>[9,10,11](in3[9,10,11,4])(>[12](in2[12,9,3])(in3[12,10,11,4]))))
(>[1,2,3,4,5,6,7,8](AnchorGauss[1,2,3,4,5,6,7,8])(>[9,10,11](in3[9,10,11,4])(>[12](in3[7,10,12,4])(>[](fold[1,3,4,8,2,10,9])(in2[11,12,3])))))	(>[1,2,3,4,5,6,7,8](AnchorGauss[1,2,3,4,5,6,7,8])(>[9,10,11](in3[9,10,11,4])(>[12](in2[11,12,3])(>[](fold[1,3,4,8,2,10,9])(in3[7,10,12,4])))))
(>[1,2,3,4,5,6,7,8](AnchorGauss[1,2,3,4,5,6,7,8])(>[9,10,11](in3[9,10,11,4])(>[12](in3[7,10,12,4])(>[](fold[1,3,4,8,2,10,9])(in2[12,11,3])))))	(>[1,2,3,4,5,6,7,8](AnchorGauss[1,2,3,4,5,6,7,8])(>[9,10](fold[1,3,4,8,2,9,10])(>[11,12](in2[11,12,3])(>[](in3[7,9,11,4])(in3[10,9,12,4])))))
(>[1,2,3,4,5,6,7,8](AnchorGauss[1,2,3,4,5,6,7,8])(>[9,10,11](in3[9,10,11,4])(>[12](in3[7,10,12,4])(>[](in2[10,9,3])(fold[1,3,4,8,2,11,12])))))	(>[1,2,3,4,5,6,7,8](AnchorGauss[1,2,3,4,5,6,7,8])(>[9,10,11](in3[9,10,11,4])(>[12](fold[1,3,4,8,2,11,12])(>[](in2[10,9,3])(in3[7,10,12,4])))))
(>[1,2,3,4,5,6,7,8](AnchorGauss[1,2,3,4,5,6,7,8])(>[9,10,11](in3[9,10,11,4])(>[12](in3[7,10,12,4])(>[](in2[10,9,3])(fold[1,3,4,8,2,12,11])))))	(>[1,2,3,4,5,6,7,8](AnchorGauss[1,2,3,4,5,6,7,8])(>[9,10](fold[1,3,4,8,2,9,10])(>[11,12](in2[11,12,3])(>[](in3[7,11,9,4])(in3[12,11,10,4])))))
(>[1,2,3,4,5,6,7,8](AnchorGauss[1,2,3,4,5,6,7,8])(>[9,10,11](in3[9,10,11,4])(>[12](in3[7,9,12,4])(>[](fold[1,3,4,8,2,9,10])(in2[11,12,3])))))	(>[1,2,3,4,5,6,7,8](AnchorGauss[1,2,3,4,5,6,7,8])(>[9,10,11](in3[9,10,11,4])(>[12](in2[11,12,3])(>[](fold[1,3,4,8,2,9,10])(in3[7,9,12,4])))))
(>[1,2,3,4,5,6,7,8](AnchorGauss[1,2,3,4,5,6,7,8])(>[9,10,11](in3[9,10,11,4])(>[12](in3[7,9,12,4])(>[](fold[1,3,4,8,2,9,10])(in2[12,11,3])))))	(>[1,2,3,4,5,6,7,8](AnchorGauss[1,2,3,4,5,6,7,8])(>[9,10](fold[1,3,4,8,2,9,10])(>[11,12](in2[11,12,3])(>[](in3[7,9,11,4])(in3[9,10,12,4])))))
(>[1,2,3,4,5,6,7,8](AnchorGauss[1,2,3,4,5,6,7,8])(>[9,10,11](in3[9,10,11,4])(>[12](in3[7,9,12,4])(>[](in2[9,10,3])(fold[1,3,4,8,2,11,12])))))	(>[1,2,3,4,5,6,7,8](AnchorGauss[1,2,3,4,5,6,7,8])(>[9,10,11](in3[9,10,11,4])(>[12](fold[1,3,4,8,2,11,12])(>[](in2[9,10,3])(in3[7,9,12,4])))))
(>[1,2,3,4,5,6,7,8](AnchorGauss[1,2,3,4,5,6,7,8])(>[9,10,11](in3[9,10,11,4])(>[12](in3[7,9,12,4])(>[](in2[9,10,3])(fold[1,3,4,8,2,12,11])))))	(>[1,2,3,4,5,6,7,8](AnchorGauss[1,2,3,4,5,6,7,8])(>[9,10](fold[1,3,4,8,2,9,10])(>[11,12](in2[11,12,3])(>[](in3[7,11,9,4])(in3[11,12,10,4])))))
(>[1,2,3,4,5,6,7,8](AnchorGauss[1,2,3,4,5,6,7,8])(>[9,10,11](in3[9,10,11,4])(>[](fold[1,3,4,8,2,10,9])(in3[7,10,11,4]))))	(>[1,2,3,4,5,6,7,8](AnchorGauss[1,2,3,4,5,6,7,8])(>[9,10](fold[1,3,4,8,2,9,10])(>[11](in3[7,9,11,4])(in3[10,9,11,4]))))
(>[1,2,3,4,5,6,7,8](AnchorGauss[1,2,3,4,5,6,7,8])(>[9,10,11](in3[9,10,11,4])(in3[10,9,11,4])))	(>[1,2,3,4,5,6,7,8](AnchorGauss[1,2,3,4,5,6,7,8])(>[9,10,11](in3[9,10,11,4])(in3[10,9,11,4])))
(>[1,2,3,4,5,6,7,8](AnchorGauss[1,2,3,4,5,6,7,8])(>[9,10,11](in3[9,10,11,5])(>[12,13](fold[1,3,4,8,2,12,13])(>[](in2[9,12,3])(in3[10,13,11,5])))))	(>[1,2,3,4,5,6,7,8](AnchorGauss[1,2,3,4,5,6,7,8])(>[9,10,11](in3[9,10,11,5])(>[12,13](in2[12,13,3])(>[](fold[1,3,4,8,2,13,10])(in3[12,9,11,5])))))
(>[1,2,3,4,5,6,7,8](AnchorGauss[1,2,3,4,5,6,7,8])(>[9,10,11](in3[9,10,11,5])(>[12,13](in3[10,12,13,5])(>[](in2[12,9,3])(fold[1,3,4,8,2,11,13])))))	(>[1,2,3,4,5,6,7,8](AnchorGauss[1,2,3,4,5,6,7,8])(>[9,10,11](in3[9,10,11,5])(>[12](fold[1,3,4,8,2,11,12])(>[13](in2[13,9,3])(in3[10,13,12,5])))))
(>[1,2,3,4,5,6,7,8](AnchorGauss[1,2,3,4,5,6,7,8])(>[9,10,11](in3[9,10,11,5])(>[12,13](in3[10,12,13,5])(>[](in2[9,12,3])(fold[1,3,4,8,2,13,11])))))	(>[1,2,3,4,5,6,7,8](AnchorGauss[1,2,3,4,5,6,7,8])(>[9,10,11](in3[9,10,11,5])(>[12](fold[1,3,4,8,2,11,12])(>[13](in2[13,10,3])(in3[13,9,12,5])))))
(>[1,2,3,4,5,6,7,8](AnchorGauss[1,2,3,4,5,6,7,8])(>[9,10,11](in3[9,10,11,5])(>[12,13](in3[12,10,13,5])(>[](in2[9,12,3])(fold[1,3,4,8,2,13,11])))))	(>[1,2,3,4,5,6,7,8](AnchorGauss[1,2,3,4,5,6,7,8])(>[9,10,11](in3[9,10,11,5])(>[12](fold[1,3,4,8,2,11,12])(>[13](in2[13,9,3])(in3[13,10,12,5])))))
(>[1,2,3,4,5,6,7,8](AnchorGauss[1,2,3,4,5,6,7,8])(>[9,10,11](in3[9,10,11,5])(>[12,13](in3[9,12,13,5])(>[](in2[10,12,3])(fold[1,3,4,8,2,13,11])))))	(>[1,2,3,4,5,6,7,8](AnchorGauss[1,2,3,4,5,6,7,8])(>[9,10,11](in3[9,10,11,5])(>[12](fold[1,3,4,8,2,11,12])(>[13](in2[13,10,3])(in3[9,13,12,5])))))
(>[1,2,3,4,5,6,7,8](AnchorGauss[1,2,3,4,5,6,7,8])(>[9,10,11](in3[9,10,11,5])(>[12](fold[1,3,4,8,2,10,12])(>[13](in2[11,13,3])(in3[12,9,13,5])))))	(>[1,2,3,4,5,6,7,8](AnchorGauss[1,2,3,4,5,6,7,8])(>[9,10,11](in3[9,10,11,5])(>[12,13](in3[10,12,13,5])(>[](fold[1,3,4,8,2,12,9])(in2[13,11,3])))))
(>[1,2,3,4,5,6,7,8](AnchorGauss[1,2,3,4,5,6,7,8])(>[9,10,11](in3[9,10,11,5])(>[12](fold[1,3,4,8,2,10,12])(>[13](in2[11,13,3])(in3[9,12,13,5])))))	(>[1,2,3,4,5,6,7,8](AnchorGauss[1,2,3,4,5,6,7,8])(>[9,10,11](in3[9,10,11,5])(>[12,13](in3[9,12,13,5])(>[](fold[1,3,4,8,2,10,12])(in2[11,13,3])))))
(>[1,2,3,4,5,6,7,8](AnchorGauss[1,2,3,4,5,6,7,8])(>[9,10,11](in3[9,10,11,5])(>[12](fold[1,3,4,8,2,10,12])(>[13](in2[12,13,3])(in3[13,9,11,5])))))	(>[1,2,3,4,5,6,7,8](AnchorGauss[1,2,3,4,5,6,7,8])(>[9,10,11](in3[9,10,11,5])(>[12,13](fold[1,3,4,8,2,12,13])(>[](in2[13,9,3])(in3[10,12,11,5])))))
(>[1,2,3,4,5,6,7,8](AnchorGauss[1,2,3,4,5,6,7,8])(>[9,10,11](in3[9,10,11,5])(>[12](fold[1,3,4,8,2,10,12])(>[13](in2[12,13,3])(in3[9,13,11,5])))))	(>[1,2,3,4,5,6,7,8](AnchorGauss[1,2,3,4,5,6,7,8])(>[9,10,11](in3[9,10,11,5])(>[12,13](fold[1,3,4,8,2,12,13])(>[](in2[13,10,3])(in3[9,12,11,5])))))
(>[1,2,3,4,5,6,7,8](AnchorGauss[1,2,3,4,5,6,7,8])(>[9,10,11](in3[9,10,11,5])(>[12](fold[1,3,4,8,2,10,12])(>[13](in2[9,13,3])(in3[12,13,11,5])))))	(>[1,2,3,4,5,6,7,8](AnchorGauss[1,2,3,4,5,6,7,8])(>[9,10,11](in3[9,10,11,5])(>[12](fold[1,3,4,8,2,12,9])(>[13](in2[13,10,3])(in3[13,12,11,5])))))
(>[1,2,3,4,5,6,7,8](AnchorGauss[1,2,3,4,5,6,7,8])(>[9,10,11](in3[9,10,11,5])(>[12](fold[1,3,4,8,2,10,12])(>[13](in2[9,13,3])(in3[13,12,11,5])))))	(>[1,2,3,4,5,6,7,8](AnchorGauss[1,2,3,4,5,6,7,8])(>[9,10,11](in3[9,10,11,5])(>[12](fold[1,3,4,8,2,12,10])(>[13](in2[13,9,3])(in3[13,12,11,5])))))
(>[1,2,3,4,5,6,7,8](AnchorGauss[1,2,3,4,5,6,7,8])(>[9,10,11](in3[9,10,11,5])(>[12](fold[1,3,4,8,2,10,12])(>[](in2[10,9,3])(in3[10,11,12,4])))))	(>[1,2,3,4,5,6,7,8](AnchorGauss[1,2,3,4,5,6,7,8])(>[9,10,11](in3[9,10,11,4])(>[12](in2[9,12,3])(>[](in3[12,9,10,5])(fold[1,3,4,8,2,9,11])))))
(>[1,2,3,4,5,6,7,8](AnchorGauss[1,2,3,4,5,6,7,8])(>[9,10,11](in3[9,10,11,5])(>[12](fold[1,3,4,8,2,10,12])(>[](in2[10,9,3])(in3[11,10,12,4])))))	(>[1,2,3,4,5,6,7,8](AnchorGauss[1,2,3,4,5,6,7,8])(>[9,10,11](in3[9,10,11,4])(>[12](in2[10,12,3])(>[](in3[12,10,9,5])(fold[1,3,4,8,2,10,11])))))
(>[1,2,3,4,5,6,7,8](AnchorGauss[1,2,3,4,5,6,7,8])(>[9,10,11](in3[9,10,11,5])(>[12](fold[1,3,4,8,2,10,12])(>[](in2[10,9,3])(in3[11,10,12,5])))))	(>[1,2,3,4,5,6,7,8](AnchorGauss[1,2,3,4,5,6,7,8])(>[9,10,11](in3[9,10,11,5])(>[12](in2[10,12,3])(>[](in3[12,10,9,5])(fold[1,3,4,8,2,10,11])))))
(>[1,2,3,4,5,6,7,8](AnchorGauss[1,2,3,4,5,6,7,8])(>[9,10,11](in3[9,10,11,5])(>[12](fold[1,3,4,8,2,10,12])(>[](in2[10,9,3])(in3[7,11,12,4])))))	(>[1,2,3,4,5,6,7,8](AnchorGauss[1,2,3,4,5,6,7,8])(>[9,10,11](in3[9,10,11,5])(>[12](in3[7,11,12,4])(>[](in2[10,9,3])(fold[1,3,4,8,2,10,12])))))
(>[1,2,3,4,5,6,7,8](AnchorGauss[1,2,3,4,5,6,7,8])(>[9,10,11](in3[9,10,11,5])(>[12](fold[1,3,4,8,2,10,12])(>[](in2[10,9,3])(in3[7,11,12,5])))))	(>[1,2,3,4,5,6,7,8](AnchorGauss[1,2,3,4,5,6,7,8])(>[9,10,11](in3[9,10,11,5])(>[12](in3[7,11,12,5])(>[](in2[10,9,3])(fold[1,3,4,8,2,10,12])))))
(>[1,2,3,4,5,6,7,8](AnchorGauss[1,2,3,4,5,6,7,8])(>[9,10,11](in3[9,10,11,5])(>[12](fold[1,3,4,8,2,10,12])(>[](in2[10,9,3])(in3[7,12,11,5])))))	(>[1,2,3,4,5,6,7,8](AnchorGauss[1,2,3,4,5,6,7,8])(>[9,10](fold[1,3,4,8,2,9,10])(>[11](in2[9,11,3])(>[12](in3[7,10,12,5])(in3[11,9,12,5])))))
(>[1,2,3,4,5,6,7,8](AnchorGauss[1,2,3,4,5,6,7,8])(>[9,10,11](in3[9,10,11,5])(>[12](fold[1,3,4,8,2,10,12])(>[](in3[7,10,9,4])(in2[11,12,3])))))	(>[1,2,3,4,5,6,7,8](AnchorGauss[1,2,3,4,5,6,7,8])(>[9,10,11](in3[9,10,11,5])(>[12](in2[11,12,3])(>[](in3[7,10,9,4])(fold[1,3,4,8,2,10,12])))))
(>[1,2,3,4,5,6,7,8](AnchorGauss[1,2,3,4,5,6,7,8])(>[9,10,11](in3[9,10,11,5])(>[12](fold[1,3,4,8,2,10,12])(>[](in3[7,10,9,4])(in2[12,11,3])))))	(>[1,2,3,4,5,6,7,8](AnchorGauss[1,2,3,4,5,6,7,8])(>[9,10](fold[1,3,4,8,2,9,10])(>[11](in2[10,11,3])(>[12](in3[7,9,12,4])(in3[12,9,11,5])))))
(>[1,2,3,4,5,6,7,8](AnchorGauss[1,2,3,4,5,6,7,8])(>[9,10,11](in3[9,10,11,5])(>[12](fold[1,3,4,8,2,10,12])(>[](in3[7,10,9,5])(in2[11,12,3])))))	(>[1,2,3,4,5,6,7,8](AnchorGauss[1,2,3,4,5,6,7,8])(>[9,10,11](in3[9,10,11,5])(>[12](in2[11,12,3])(>[](in3[7,10,9,5])(fold[1,3,4,8,2,10,12])))))
(>[1,2,3,4,5,6,7,8](AnchorGauss[1,2,3,4,5,6,7,8])(>[9,10,11](in3[9,10,11,5])(>[12](fold[1,3,4,8,2,10,12])(>[](in3[7,10,9,5])(in2[12,11,3])))))	(>[1,2,3,4,5,6,7,8](AnchorGauss[1,2,3,4,5,6,7,8])(>[9,10](fold[1,3,4,8,2,9,10])(>[11](in2[10,11,3])(>[12](in3[7,9,12,5])(in3[12,9,11,5])))))
(>[1,2,3,4,5,6,7,8](AnchorGauss[1,2,3,4,5,6,7,8])(>[9,10,11](in3[9,10,11,5])(>[12](fold[1,3,4,8,2,10,12])(in3[9,12,11,5]))))	(>[1,2,3,4,5,6,7,8](AnchorGauss[1,2,3,4,5,6,7,8])(>[9,10,11](in3[9,10,11,5])(>[12](fold[1,3,4,8,2,12,10])(in3[9,12,11,5]))))
(>[1,2,3,4,5,6,7,8](AnchorGauss[1,2,3,4,5,6,7,8])(>[9,10,11](in3[9,10,11,5])(>[12](fold[1,3,4,8,2,11,12])(>[13](in2[10,13,3])(in3[13,9,12,5])))))	(>[1,2,3,4,5,6,7,8](AnchorGauss[1,2,3,4,5,6,7,8])(>[9,10,11](in3[9,10,11,5])(>[12,13](in3[10,12,13,5])(>[](in2[12,9,3])(fold[1,3,4,8,2,13,11])))))
(>[1,2,3,4,5,6,7,8](AnchorGauss[1,2,3,4,5,6,7,8])(>[9,10,11](in3[9,10,11,5])(>[12](fold[1,3,4,8,2,11,12])(>[13](in2[10,13,3])(in3[9,13,12,5])))))	(>[1,2,3,4,5,6,7,8](AnchorGauss[1,2,3,4,5,6,7,8])(>[9,10,11](in3[9,10,11,5])(>[12,13](in3[9,12,13,5])(>[](in2[10,12,3])(fold[1,3,4,8,2,11,13])))))
(>[1,2,3,4,5,6,7,8](AnchorGauss[1,2,3,4,5,6,7,8])(>[9,10,11](in3[9,10,11,5])(>[12](fold[1,3,4,8,2,11,12])(>[13](in2[9,13,3])(in3[10,13,12,5])))))	(>[1,2,3,4,5,6,7,8](AnchorGauss[1,2,3,4,5,6,7,8])(>[9,10,11](in3[9,10,11,5])(>[12,13](in3[10,12,13,5])(>[](in2[9,12,3])(fold[1,3,4,8,2,11,13])))))
(>[1,2,3,4,5,6,7,8](AnchorGauss[1,2,3,4,5,6,7,8])(>[9,10,11](in3[9,10,11,5])(>[12](fold[1,3,4,8,2,11,12])(>[13](in2[9,13,3])(in3[13,10,12,5])))))	(>[1,2,3,4,5,6,7,8](AnchorGauss[1,2,3,4,5,6,7,8])(>[9,10,11](in3[9,10,11,5])(>[12,13](in3[12,10,13,5])(>[](in2[12,9,3])(fold[1,3,4,8,2,13,11])))))
(>[1,2,3,4,5,6,7,8](AnchorGauss[1,2,3,4,5,6,7,8])(>[9,10,11](in3[9,10,11,5])(>[12](fold[1,3,4,8,2,12,10])(>[13](in2[11,13,3])(in3[12,9,13,5])))))	(>[1,2,3,4,5,6,7,8](AnchorGauss[1,2,3,4,5,6,7,8])(>[9,10,11](in3[9,10,11,5])(>[12,13](in3[10,12,13,5])(>[](fold[1,3,4,8,2,9,12])(in2[13,11,3])))))
(>[1,2,3,4,5,6,7,8](AnchorGauss[1,2,3,4,5,6,7,8])(>[9,10,11](in3[9,10,11,5])(>[12](fold[1,3,4,8,2,12,10])(>[13](in2[11,13,3])(in3[9,12,13,5])))))	(>[1,2,3,4,5,6,7,8](AnchorGauss[1,2,3,4,5,6,7,8])(>[9,10,11](in3[9,10,11,5])(>[12,13](in3[9,12,13,5])(>[](fold[1,3,4,8,2,10,12])(in2[13,11,3])))))
(>[1,2,3,4,5,6,7,8](AnchorGauss[1,2,3,4,5,6,7,8])(>[9,10,11](in3[9,10,11,5])(>[12](fold[1,3,4,8,2,12,10])(>[13](in2[12,13,3])(in3[13,9,11,5])))))	(>[1,2,3,4,5,6,7,8](AnchorGauss[1,2,3,4,5,6,7,8])(>[9,10,11](in3[9,10,11,5])(>[12,13](fold[1,3,4,8,2,12,13])(>[](in2[12,9,3])(in3[10,13,11,5])))))
(>[1,2,3,4,5,6,7,8](AnchorGauss[1,2,3,4,5,6,7,8])(>[9,10,11](in3[9,10,11,5])(>[12](fold[1,3,4,8,2,12,10])(>[13](in2[12,13,3])(in3[9,13,11,5])))))	(>[1,2,3,4,5,6,7,8](AnchorGauss[1,2,3,4,5,6,7,8])(>[9,10,11](in3[9,10,11,5])(>[12,13](fold[1,3,4,8,2,12,13])(>[](in2[12,10,3])(in3[9,13,11,5])))))
(>[1,2,3,4,5,6,7,8](AnchorGauss[1,2,3,4,5,6,7,8])(>[9,10,11](in3[9,10,11,5])(>[12](fold[1,3,4,8,2,12,10])(>[13](in2[13,12,3])(in3[9,13,11,5])))))	(>[1,2,3,4,5,6,7,8](AnchorGauss[1,2,3,4,5,6,7,8])(>[9,10,11](in3[9,10,11,5])(>[12,13](fold[1,3,4,8,2,12,13])(>[](in2[10,12,3])(in3[9,13,11,5])))))
(>[1,2,3,4,5,6,7,8](AnchorGauss[1,2,3,4,5,6,7,8])(>[9,10,11](in3[9,10,11,5])(>[12](fold[1,3,4,8,2,12,10])(>[13](in2[9,13,3])(in3[12,13,11,5])))))	(>[1,2,3,4,5,6,7,8](AnchorGauss[1,2,3,4,5,6,7,8])(>[9,10,11](in3[9,10,11,5])(>[12](fold[1,3,4,8,2,9,12])(>[13](in2[13,10,3])(in3[13,12,11,5])))))
(>[1,2,3,4,5,6,7,8](AnchorGauss[1,2,3,4,5,6,7,8])(>[9,10,11](in3[9,10,11,5])(>[12](fold[1,3,4,8,2,12,10])(>[13](in2[9,13,3])(in3[13,12,11,5])))))	(>[1,2,3,4,5,6,7,8](AnchorGauss[1,2,3,4,5,6,7,8])(>[9,10,11](in3[9,10,11,5])(>[12](fold[1,3,4,8,2,10,12])(>[13](in2[13,9,3])(in3[13,12,11,5])))))
(>[1,2,3,4,5,6,7,8](AnchorGauss[1,2,3,4,5,6,7,8])(>[9,10,11](in3[9,10,11,5])(>[12](fold[1,3,4,8,2,12,9])(>[13](in2[10,13,3])(in3[12,13,11,5])))))	(>[1,2,3,4,5,6,7,8](AnchorGauss[1,2,3,4,5,6,7,8])(>[9,10,11](in3[9,10,11,5])(>[12](fold[1,3,4,8,2,9,12])(>[13](in2[13,10,3])(in3[12,13,11,5])))))
(>[1,2,3,4,5,6,7,8](AnchorGauss[1,2,3,4,5,6,7,8])(>[9,10,11](in3[9,10,11,5])(>[12](fold[1,3,4,8,2,12,9])(>[13](in2[10,13,3])(in3[13,12,11,5])))))	(>[1,2,3,4,5,6,7,8](AnchorGauss[1,2,3,4,5,6,7,8])(>[9,10,11](in3[9,10,11,5])(>[12](fold[1,3,4,8,2,10,12])(>[13](in2[13,9,3])(in3[12,13,11,5])))))
(>[1,2,3,4,5,6,7,8](AnchorGauss[1,2,3,4,5,6,7,8])(>[9,10,11](in3[9,10,11,5])(>[12](fold[1,3,4,8,2,12,9])(>[13](in2[11,13,3])(in3[10,12,13,5])))))	(>[1,2,3,4,5,6,7,8](AnchorGauss[1,2,3,4,5,6,7,8])(>[9,10,11](in3[9,10,11,5])(>[12,13](in3[10,12,13,5])(>[](fold[1,3,4,8,2,12,9])(in2[11,13,3])))))
(>[1,2,3,4,5,6,7,8](AnchorGauss[1,2,3,4,5,6,7,8])(>[9,10,11](in3[9,10,11,5])(>[12](fold[1,3,4,8,2,12,9])(>[13](in2[11,13,3])(in3[12,10,13,5])))))	(>[1,2,3,4,5,6,7,8](AnchorGauss[1,2,3,4,5,6,7,8])(>[9,10,11](in3[9,10,11,5])(>[12,13](in3[12,10,13,5])(>[](fold[1,3,4,8,2,12,9])(in2[11,13,3])))))
(>[1,2,3,4,5,6,7,8](AnchorGauss[1,2,3,4,5,6,7,8])(>[9,10,11](in3[9,10,11,5])(>[12](fold[1,3,4,8,2,12,9])(>[13](in2[12,13,3])(in3[10,13,11,5])))))	(>[1,2,3,4,5,6,7,8](AnchorGauss[1,2,3,4,5,6,7,8])(>[9,10,11](in3[9,10,11,5])(>[12,13](fold[1,3,4,8,2,12,13])(>[](in2[12,10,3])(in3[13,9,11,5])))))
(>[1,2,3,4,5,6,7,8](AnchorGauss[1,2,3,4,5,6,7,8])(>[9,10,11](in3[9,10,11,5])(>[12](fold[1,3,4,8,2,12,9])(>[13](in2[12,13,3])(in3[13,10,11,5])))))	(>[1,2,3,4,5,6,7,8](AnchorGauss[1,2,3,4,5,6,7,8])(>[9,10,11](in3[9,10,11,5])(>[12,13](fold[1,3,4,8,2,12,13])(>[](in2[12,9,3])(in3[13,10,11,5])))))
(>[1,2,3,4,5,6,7,8](AnchorGauss[1,2,3,4,5,6,7,8])(>[9,10,11](in3[9,10,11,5])(>[12](fold[1,3,4,8,2,12,9])(>[13](in2[13,12,3])(in3[10,13,11,5])))))	(>[1,2,3,4,5,6,7,8](AnchorGauss[1,2,3,4,5,6,7,8])(>[9,10,11](in3[9,10,11,5])(>[12,13](fold[1,3,4,8,2,12,13])(>[](in2[10,12,3])(in3[13,9,11,5])))))
(>[1,2,3,4,5,6,7,8](AnchorGauss[1,2,3,4,5,6,7,8])(>[9,10,11](in3[9,10,11,5])(>[12](fold[1,3,4,8,2,12,9])(>[13](in2[13,12,3])(in3[13,10,11,5])))))	(>[1,2,3,4,5,6,7,8](AnchorGauss[1,2,3,4,5,6,7,8])(>[9,10,11](in3[9,10,11,5])(>[12,13](fold[1,3,4,8,2,12,13])(>[](in2[9,12,3])(in3[13,10,11,5])))))
(>[1,2,3,4,5,6,7,8](AnchorGauss[1,2,3,4,5,6,7,8])(>[9,10,11](in3[9,10,11,5])(>[12](fold[1,3,4,8,2,12,9])(in3[10,12,11,5]))))	(>[1,2,3,4,5,6,7,8](AnchorGauss[1,2,3,4,5,6,7,8])(>[9,10,11](in3[9,10,11,5])(>[12](fold[1,3,4,8,2,10,12])(in3[12,9,11,5]))))
(>[1,2,3,4,5,6,7,8](AnchorGauss[1,2,3,4,5,6,7,8])(>[9,10,11](in3[9,10,11,5])(>[12](fold[1,3,4,8,2,9,12])(>[13](in2[10,13,3])(in3[12,13,11,5])))))	(>[1,2,3,4,5,6,7,8](AnchorGauss[1,2,3,4,5,6,7,8])(>[9,10,11](in3[9,10,11,5])(>[12](fold[1,3,4,8,2,12,9])(>[13](in2[13,10,3])(in3[12,13,11,5])))))
(>[1,2,3,4,5,6,7,8](AnchorGauss[1,2,3,4,5,6,7,8])(>[9,10,11](in3[9,10,11,5])(>[12](fold[1,3,4,8,2,9,12])(>[13](in2[10,13,3])(in3[13,12,11,5])))))	(>[1,2,3,4,5,6,7,8](AnchorGauss[1,2,3,4,5,6,7,8])(>[9,10,11](in3[9,10,11,5])(>[12](fold[1,3,4,8,2,12,10])(>[13](in2[13,9,3])(in3[12,13,11,5])))))
(>[1,2,3,4,5,6,7,8](AnchorGauss[1,2,3,4,5,6,7,8])(>[9,10,11](in3[9,10,11,5])(>[12](fold[1,3,4,8,2,9,12])(>[13](in2[11,13,3])(in3[10,12,13,5])))))	(>[1,2,3,4,5,6,7,8](AnchorGauss[1,2,3,4,5,6,7,8])(>[9,10,11](in3[9,10,11,5])(>[12,13](in3[10,12,13,5])(>[](fold[1,3,4,8,2,9,12])(in2[11,13,3])))))
(>[1,2,3,4,5,6,7,8](AnchorGauss[1,2,3,4,5,6,7,8])(>[9,10,11](in3[9,10,11,5])(>[12](fold[1,3,4,8,2,9,12])(>[13](in2[11,13,3])(in3[12,10,13,5])))))	(>[1,2,3,4,5,6,7,8](AnchorGauss[1,2,3,4,5,6,7,8])(>[9,10,11](in3[9,10,11,5])(>[12,13](in3[12,10,13,5])(>[](fold[1,3,4,8,2,12,9])(in2[13,11,3])))))
(>[1,2,3,4,5,6,7,8](AnchorGauss[1,2,3,4,5,6,7,8])(>[9,10,11](in3[9,10,11,5])(>[12](fold[1,3,4,8,2,9,12])(>[13](in2[12,13,3])(in3[10,13,11,5])))))	(>[1,2,3,4,5,6,7,8](AnchorGauss[1,2,3,4,5,6,7,8])(>[9,10,11](in3[9,10,11,5])(>[12,13](fold[1,3,4,8,2,12,13])(>[](in2[13,10,3])(in3[12,9,11,5])))))
(>[1,2,3,4,5,6,7,8](AnchorGauss[1,2,3,4,5,6,7,8])(>[9,10,11](in3[9,10,11,5])(>[12](fold[1,3,4,8,2,9,12])(>[13](in2[12,13,3])(in3[13,10,11,5])))))	(>[1,2,3,4,5,6,7,8](AnchorGauss[1,2,3,4,5,6,7,8])(>[9,10,11](in3[9,10,11,5])(>[12,13](fold[1,3,4,8,2,12,13])(>[](in2[13,9,3])(in3[12,10,11,5])))))
(>[1,2,3,4,5,6,7,8](AnchorGauss[1,2,3,4,5,6,7,8])(>[9,10,11](in3[9,10,11,5])(>[12](fold[1,3,4,8,2,9,12])(>[](in2[9,10,3])(in3[11,9,12,4])))))	(>[1,2,3,4,5,6,7,8](AnchorGauss[1,2,3,4,5,6,7,8])(>[9,10,11](in3[9,10,11,4])(>[12](in2[10,12,3])(>[](in3[10,12,9,5])(fold[1,3,4,8,2,10,11])))))
(>[1,2,3,4,5,6,7,8](AnchorGauss[1,2,3,4,5,6,7,8])(>[9,10,11](in3[9,10,11,5])(>[12](fold[1,3,4,8,2,9,12])(>[](in2[9,10,3])(in3[7,11,12,4])))))	(>[1,2,3,4,5,6,7,8](AnchorGauss[1,2,3,4,5,6,7,8])(>[9,10,11](in3[9,10,11,5])(>[12](in3[7,11,12,4])(>[](in2[9,10,3])(fold[1,3,4,8,2,9,12])))))
(>[1,2,3,4,5,6,7,8](AnchorGauss[1,2,3,4,5,6,7,8])(>[9,10,11](in3[9,10,11,5])(>[12](fold[1,3,4,8,2,9,12])(>[](in2[9,10,3])(in3[7,11,12,5])))))	(>[1,2,3,4,5,6,7,8](AnchorGauss[1,2,3,4,5,6,7,8])(>[9,10,11](in3[9,10,11,5])(>[12](in3[7,11,12,5])(>[](in2[9,10,3])(fold[1,3,4,8,2,9,12])))))
(>[1,2,3,4,5,6,7,8](AnchorGauss[1,2,3,4,5,6,7,8])(>[9,10,11](in3[9,10,11,5])(>[12](fold[1,3,4,8,2,9,12])(>[](in2[9,10,3])(in3[7,12,11,5])))))	(>[1,2,3,4,5,6,7,8](AnchorGauss[1,2,3,4,5,6,7,8])(>[9,10](fold[1,3,4,8,2,9,10])(>[11](in2[9,11,3])(>[12](in3[7,10,12,5])(in3[9,11,12,5])))))
(>[1,2,3,4,5,6,7,8](AnchorGauss[1,2,3,4,5,6,7,8])(>[9,10,11](in3[9,10,11,5])(>[12](fold[1,3,4,8,2,9,12])(>[](in2[9,10,3])(in3[9,11,12,4])))))	(>[1,2,3,4,5,6,7,8](AnchorGauss[1,2,3,4,5,6,7,8])(>[9,10,11](in3[9,10,11,4])(>[12](in2[9,12,3])(>[](in3[9,12,10,5])(fold[1,3,4,8,2,9,11])))))
(>[1,2,3,4,5,6,7,8](AnchorGauss[1,2,3,4,5,6,7,8])(>[9,10,11](in3[9,10,11,5])(>[12](fold[1,3,4,8,2,9,12])(>[](in2[9,10,3])(in3[9,11,12,5])))))	(>[1,2,3,4,5,6,7,8](AnchorGauss[1,2,3,4,5,6,7,8])(>[9,10,11](in3[9,10,11,5])(>[12](in2[9,12,3])(>[](in3[9,12,10,5])(fold[1,3,4,8,2,9,11])))))
(>[1,2,3,4,5,6,7,8](AnchorGauss[1,2,3,4,5,6,7,8])(>[9,10,11](in3[9,10,11,5])(>[12](fold[1,3,4,8,2,9,12])(>[](in3[7,9,10,4])(in2[11,12,3])))))	(>[1,2,3,4,5,6,7,8](AnchorGauss[1,2,3,4,5,6,7,8])(>[9,10,11](in3[9,10,11,5])(>[12](in2[11,12,3])(>[](in3[7,9,10,4])(fold[1,3,4,8,2,9,12])))))
(>[1,2,3,4,5,6,7,8](AnchorGauss[1,2,3,4,5,6,7,8])(>[9,10,11](in3[9,10,11,5])(>[12](fold[1,3,4,8,2,9,12])(>[](in3[7,9,10,4])(in2[12,11,3])))))	(>[1,2,3,4,5,6,7,8](AnchorGauss[1,2,3,4,5,6,7,8])(>[9,10](fold[1,3,4,8,2,9,10])(>[11](in2[10,11,3])(>[12](in3[7,9,12,4])(in3[9,12,11,5])))))
(>[1,2,3,4,5,6,7,8](AnchorGauss[1,2,3,4,5,6,7,8])(>[9,10,11](in3[9,10,11,5])(>[12](fold[1,3,4,8,2,9,12])(in3[10,12,11,5]))))	(>[1,2,3,4,5,6,7,8](AnchorGauss[1,2,3,4,5,6,7,8])(>[9,10,11](in3[9,10,11,5])(>[12](fold[1,3,4,8,2,12,10])(in3[12,9,11,5]))))
(>[1,2,3,4,5,6,7,8](AnchorGauss[1,2,3,4,5,6,7,8])(>[9,10,11](in3[9,10,11,5])(>[12](fold[1,3,4,8,2,9,12])(in3[12,10,11,5]))))	(>[1,2,3,4,5,6,7,8](AnchorGauss[1,2,3,4,5,6,7,8])(>[9,10,11](in3[9,10,11,5])(>[12](fold[1,3,4,8,2,12,9])(in3[12,10,11,5]))))
(>[1,2,3,4,5,6,7,8](AnchorGauss[1,2,3,4,5,6,7,8])(>[9,10,11](in3[9,10,11,5])(>[12](in2[10,12,3])(>[](fold[1,3,4,8,2,10,9])(in3[10,11,12,4])))))	(>[1,2,3,4,5,6,7,8](AnchorGauss[1,2,3,4,5,6,7,8])(>[9,10,11](in3[9,10,11,4])(>[12](fold[1,3,4,8,2,9,12])(>[](in3[12,9,10,5])(in2[9,11,3])))))
(>[1,2,3,4,5,6,7,8](AnchorGauss[1,2,3,4,5,6,7,8])(>[9,10,11](in3[9,10,11,5])(>[12](in2[10,12,3])(>[](fold[1,3,4,8,2,10,9])(in3[10,12,11,5])))))	(>[1,2,3,4,5,6,7,8](AnchorGauss[1,2,3,4,5,6,7,8])(>[9,10,11](in3[9,10,11,5])(>[12](fold[1,3,4,8,2,9,12])(>[](in2[9,10,3])(in3[12,9,11,5])))))
(>[1,2,3,4,5,6,7,8](AnchorGauss[1,2,3,4,5,6,7,8])(>[9,10,11](in3[9,10,11,5])(>[12](in2[10,12,3])(>[](fold[1,3,4,8,2,10,9])(in3[11,10,12,4])))))	(>[1,2,3,4,5,6,7,8](AnchorGauss[1,2,3,4,5,6,7,8])(>[9,10,11](in3[9,10,11,4])(>[12](fold[1,3,4,8,2,10,12])(>[](in3[12,10,9,5])(in2[10,11,3])))))
(>[1,2,3,4,5,6,7,8](AnchorGauss[1,2,3,4,5,6,7,8])(>[9,10,11](in3[9,10,11,5])(>[12](in2[10,12,3])(>[](fold[1,3,4,8,2,10,9])(in3[11,10,12,5])))))	(>[1,2,3,4,5,6,7,8](AnchorGauss[1,2,3,4,5,6,7,8])(>[9,10,11](in3[9,10,11,5])(>[12](fold[1,3,4,8,2,10,12])(>[](in3[12,10,9,5])(in2[10,11,3])))))
(>[1,2,3,4,5,6,7,8](AnchorGauss[1,2,3,4,5,6,7,8])(>[9,10,11](in3[9,10,11,5])(>[12](in2[10,12,3])(>[](fold[1,3,4,8,2,10,9])(in3[12,10,11,5])))))	(>[1,2,3,4,5,6,7,8](AnchorGauss[1,2,3,4,5,6,7,8])(>[9,10,11](in3[9,10,11,5])(>[12](fold[1,3,4,8,2,10,12])(>[](in2[10,9,3])(in3[12,10,11,5])))))
(>[1,2,3,4,5,6,7,8](AnchorGauss[1,2,3,4,5,6,7,8])(>[9,10,11](in3[9,10,11,5])(>[12](in2[10,12,3])(>[](fold[1,3,4,8,2,10,9])(in3[7,11,12,4])))))	(>[1,2,3,4,5,6,7,8](AnchorGauss[1,2,3,4,5,6,7,8])(>[9,10,11](in3[9,10,11,5])(>[12](in3[7,11,12,4])(>[](fold[1,3,4,8,2,10,9])(in2[10,12,3])))))
(>[1,2,3,4,5,6,7,8](AnchorGauss[1,2,3,4,5,6,7,8])(>[9,10,11](in3[9,10,11,5])(>[12](in2[10,12,3])(>[](fold[1,3,4,8,2,10,9])(in3[7,11,12,5])))))	(>[1,2,3,4,5,6,7,8](AnchorGauss[1,2,3,4,5,6,7,8])(>[9,10,11](in3[9,10,11,5])(>[12](in3[7,11,12,5])(>[](fold[1,3,4,8,2,10,9])(in2[10,12,3])))))
(>[1,2,3,4,5,6,7,8](AnchorGauss[1,2,3,4,5,6,7,8])(>[9,10,11](in3[9,10,11,5])(>[12](in2[10,12,3])(>[](fold[1,3,4,8,2,10,9])(in3[7,12,11,5])))))	(>[1,2,3,4,5,6,7,8](AnchorGauss[1,2,3,4,5,6,7,8])(>[9,10](fold[1,3,4,8,2,9,10])(>[11,12](in3[7,11,12,5])(>[](in2[9,11,3])(in3[10,9,12,5])))))
(>[1,2,3,4,5,6,7,8](AnchorGauss[1,2,3,4,5,6,7,8])(>[9,10,11](in3[9,10,11,5])(>[12](in2[10,12,3])(>[](in3[7,10,9,4])(fold[1,3,4,8,2,11,12])))))	(>[1,2,3,4,5,6,7,8](AnchorGauss[1,2,3,4,5,6,7,8])(>[9,10,11](in3[9,10,11,5])(>[12](fold[1,3,4,8,2,11,12])(>[](in3[7,10,9,4])(in2[10,12,3])))))
(>[1,2,3,4,5,6,7,8](AnchorGauss[1,2,3,4,5,6,7,8])(>[9,10,11](in3[9,10,11,5])(>[12](in2[10,12,3])(>[](in3[7,10,9,4])(fold[1,3,4,8,2,12,11])))))	(>[1,2,3,4,5,6,7,8](AnchorGauss[1,2,3,4,5,6,7,8])(>[9,10](fold[1,3,4,8,2,9,10])(>[11,12](in3[7,11,12,4])(>[](in2[11,9,3])(in3[12,11,10,5])))))
(>[1,2,3,4,5,6,7,8](AnchorGauss[1,2,3,4,5,6,7,8])(>[9,10,11](in3[9,10,11,5])(>[12](in2[10,12,3])(>[](in3[7,10,9,5])(fold[1,3,4,8,2,11,12])))))	(>[1,2,3,4,5,6,7,8](AnchorGauss[1,2,3,4,5,6,7,8])(>[9,10,11](in3[9,10,11,5])(>[12](fold[1,3,4,8,2,11,12])(>[](in3[7,10,9,5])(in2[10,12,3])))))
(>[1,2,3,4,5,6,7,8](AnchorGauss[1,2,3,4,5,6,7,8])(>[9,10,11](in3[9,10,11,5])(>[12](in2[10,12,3])(>[](in3[7,10,9,5])(fold[1,3,4,8,2,12,11])))))	(>[1,2,3,4,5,6,7,8](AnchorGauss[1,2,3,4,5,6,7,8])(>[9,10](fold[1,3,4,8,2,9,10])(>[11,12](in3[7,11,12,5])(>[](in2[11,9,3])(in3[12,11,10,5])))))
(>[1,2,3,4,5,6,7,8](AnchorGauss[1,2,3,4,5,6,7,8])(>[9,10,11](in3[9,10,11,5])(>[12](in2[10,12,3])(in3[12,9,11,5]))))	(>[1,2,3,4,5,6,7,8](AnchorGauss[1,2,3,4,5,6,7,8])(>[9,10,11](in3[9,10,11,5])(>[12](in2[12,9,3])(in3[10,12,11,5]))))
(>[1,2,3,4,5,6,7,8](AnchorGauss[1,2,3,4,5,6,7,8])(>[9,10,11](in3[9,10,11,5])(>[12](in2[10,12,3])(in3[9,12,11,5]))))	(>[1,2,3,4,5,6,7,8](AnchorGauss[1,2,3,4,5,6,7,8])(>[9,10,11](in3[9,10,11,5])(>[12](in2[12,10,3])(in3[9,12,11,5]))))
(>[1,2,3,4,5,6,7,8](AnchorGauss[1,2,3,4,5,6,7,8])(>[9,10,11](in3[9,10,11,5])(>[12](in2[9,12,3])(>[](fold[1,3,4,8,2,9,10])(in3[11,9,12,4])))))	(>[1,2,3,4,5,6,7,8](AnchorGauss[1,2,3,4,5,6,7,8])(>[9,10,11](in3[9,10,11,4])(>[12](fold[1,3,4,8,2,10,12])(>[](in3[10,12,9,5])(in2[10,11,3])))))
(>[1,2,3,4,5,6,7,8](AnchorGauss[1,2,3,4,5,6,7,8])(>[9,10,11](in3[9,10,11,5])(>[12](in2[9,12,3])(>[](fold[1,3,4,8,2,9,10])(in3[12,9,11,5])))))	(>[1,2,3,4,5,6,7,8](AnchorGauss[1,2,3,4,5,6,7,8])(>[9,10,11](in3[9,10,11,5])(>[12](fold[1,3,4,8,2,10,12])(>[](in2[10,9,3])(in3[10,12,11,5])))))
(>[1,2,3,4,5,6,7,8](AnchorGauss[1,2,3,4,5,6,7,8])(>[9,10,11](in3[9,10,11,5])(>[12](in2[9,12,3])(>[](fold[1,3,4,8,2,9,10])(in3[7,11,12,4])))))	(>[1,2,3,4,5,6,7,8](AnchorGauss[1,2,3,4,5,6,7,8])(>[9,10,11](in3[9,10,11,5])(>[12](in3[7,11,12,4])(>[](fold[1,3,4,8,2,9,10])(in2[9,12,3])))))
(>[1,2,3,4,5,6,7,8](AnchorGauss[1,2,3,4,5,6,7,8])(>[9,10,11](in3[9,10,11,5])(>[12](in2[9,12,3])(>[](fold[1,3,4,8,2,9,10])(in3[7,11,12,5])))))	(>[1,2,3,4,5,6,7,8](AnchorGauss[1,2,3,4,5,6,7,8])(>[9,10,11](in3[9,10,11,5])(>[12](in3[7,11,12,5])(>[](fold[1,3,4,8,2,9,10])(in2[9,12,3])))))
(>[1,2,3,4,5,6,7,8](AnchorGauss[1,2,3,4,5,6,7,8])(>[9,10,11](in3[9,10,11,5])(>[12](in2[9,12,3])(>[](fold[1,3,4,8,2,9,10])(in3[7,12,11,5])))))	(>[1,2,3,4,5,6,7,8](AnchorGauss[1,2,3,4,5,6,7,8])(>[9,10](fold[1,3,4,8,2,9,10])(>[11,12](in3[7,11,12,5])(>[](in2[9,11,3])(in3[9,10,12,5])))))
(>[1,2,3,4,5,6,7,8](AnchorGauss[1,2,3,4,5,6,7,8])(>[9,10,11](in3[9,10,11,5])(>[12](in2[9,12,3])(>[](fold[1,3,4,8,2,9,10])(in3[9,11,12,4])))))	(>[1,2,3,4,5,6,7,8](AnchorGauss[1,2,3,4,5,6,7,8])(>[9,10,11](in3[9,10,11,4])(>[12](fold[1,3,4,8,2,9,12])(>[](in3[9,12,10,5])(in2[9,11,3])))))
(>[1,2,3,4,5,6,7,8](AnchorGauss[1,2,3,4,5,6,7,8])(>[9,10,11](in3[9,10,11,5])(>[12](in2[9,12,3])(>[](fold[1,3,4,8,2,9,10])(in3[9,11,12,5])))))	(>[1,2,3,4,5,6,7,8](AnchorGauss[1,2,3,4,5,6,7,8])(>[9,10,11](in3[9,10,11,5])(>[12](fold[1,3,4,8,2,9,12])(>[](in3[9,12,10,5])(in2[9,11,3])))))
(>[1,2,3,4,5,6,7,8](AnchorGauss[1,2,3,4,5,6,7,8])(>[9,10,11](in3[9,10,11,5])(>[12](in2[9,12,3])(>[](fold[1,3,4,8,2,9,10])(in3[9,12,11,5])))))	(>[1,2,3,4,5,6,7,8](AnchorGauss[1,2,3,4,5,6,7,8])(>[9,10,11](in3[9,10,11,5])(>[12](fold[1,3,4,8,2,9,12])(>[](in2[9,10,3])(in3[9,12,11,5])))))
(>[1,2,3,4,5,6,7,8](AnchorGauss[1,2,3,4,5,6,7,8])(>[9,10,11](in3[9,10,11,5])(>[12](in2[9,12,3])(>[](in3[7,9,10,4])(fold[1,3,4,8,2,11,12])))))	(>[1,2,3,4,5,6,7,8](AnchorGauss[1,2,3,4,5,6,7,8])(>[9,10,11](in3[9,10,11,5])(>[12](fold[1,3,4,8,2,11,12])(>[](in3[7,9,10,4])(in2[9,12,3])))))
(>[1,2,3,4,5,6,7,8](AnchorGauss[1,2,3,4,5,6,7,8])(>[9,10,11](in3[9,10,11,5])(>[12](in2[9,12,3])(>[](in3[7,9,10,4])(fold[1,3,4,8,2,12,11])))))	(>[1,2,3,4,5,6,7,8](AnchorGauss[1,2,3,4,5,6,7,8])(>[9,10](fold[1,3,4,8,2,9,10])(>[11,12](in3[7,11,12,4])(>[](in2[11,9,3])(in3[11,12,10,5])))))
(>[1,2,3,4,5,6,7,8](AnchorGauss[1,2,3,4,5,6,7,8])(>[9,10,11](in3[9,10,11,5])(>[12](in2[9,12,3])(in3[10,12,11,5]))))	(>[1,2,3,4,5,6,7,8](AnchorGauss[1,2,3,4,5,6,7,8])(>[9,10,11](in3[9,10,11,5])(>[12](in2[12,10,3])(in3[12,9,11,5]))))
(>[1,2,3,4,5,6,7,8](AnchorGauss[1,2,3,4,5,6,7,8])(>[9,10,11](in3[9,10,11,5])(>[12](in2[9,12,3])(in3[12,10,11,5]))))	(>[1,2,3,4,5,6,7,8](AnchorGauss[1,2,3,4,5,6,7,8])(>[9,10,11](in3[9,10,11,5])(>[12](in2[12,9,3])(in3[12,10,11,5]))))
(>[1,2,3,4,5,6,7,8](AnchorGauss[1,2,3,4,5,6,7,8])(>[9,10,11](in3[9,10,11,5])(>[12](in3[7,10,12,5])(>[](fold[1,3,4,8,2,10,9])(in2[11,12,3])))))	(>[1,2,3,4,5,6,7,8](AnchorGauss[1,2,3,4,5,6,7,8])(>[9,10,11](in3[9,10,11,5])(>[12](in2[11,12,3])(>[](fold[1,3,4,8,2,10,9])(in3[7,10,12,5])))))
(>[1,2,3,4,5,6,7,8](AnchorGauss[1,2,3,4,5,6,7,8])(>[9,10,11](in3[9,10,11,5])(>[12](in3[7,10,12,5])(>[](fold[1,3,4,8,2,10,9])(in2[12,11,3])))))	(>[1,2,3,4,5,6,7,8](AnchorGauss[1,2,3,4,5,6,7,8])(>[9,10](fold[1,3,4,8,2,9,10])(>[11,12](in2[11,12,3])(>[](in3[7,9,11,5])(in3[10,9,12,5])))))
(>[1,2,3,4,5,6,7,8](AnchorGauss[1,2,3,4,5,6,7,8])(>[9,10,11](in3[9,10,11,5])(>[12](in3[7,10,12,5])(>[](in2[10,9,3])(fold[1,3,4,8,2,11,12])))))	(>[1,2,3,4,5,6,7,8](AnchorGauss[1,2,3,4,5,6,7,8])(>[9,10,11](in3[9,10,11,5])(>[12](fold[1,3,4,8,2,11,12])(>[](in2[10,9,3])(in3[7,10,12,5])))))
(>[1,2,3,4,5,6,7,8](AnchorGauss[1,2,3,4,5,6,7,8])(>[9,10,11](in3[9,10,11,5])(>[12](in3[7,10,12,5])(>[](in2[10,9,3])(fold[1,3,4,8,2,12,11])))))	(>[1,2,3,4,5,6,7,8](AnchorGauss[1,2,3,4,5,6,7,8])(>[9,10](fold[1,3,4,8,2,9,10])(>[11,12](in2[11,12,3])(>[](in3[7,11,9,5])(in3[12,11,10,5])))))
(>[1,2,3,4,5,6,7,8](AnchorGauss[1,2,3,4,5,6,7,8])(>[9,10,11](in3[9,10,11,5])(>[12](in3[7,9,12,5])(>[](fold[1,3,4,8,2,9,10])(in2[11,12,3])))))	(>[1,2,3,4,5,6,7,8](AnchorGauss[1,2,3,4,5,6,7,8])(>[9,10,11](in3[9,10,11,5])(>[12](in2[11,12,3])(>[](fold[1,3,4,8,2,9,10])(in3[7,9,12,5])))))
(>[1,2,3,4,5,6,7,8](AnchorGauss[1,2,3,4,5,6,7,8])(>[9,10,11](in3[9,10,11,5])(>[12](in3[7,9,12,5])(>[](fold[1,3,4,8,2,9,10])(in2[12,11,3])))))	(>[1,2,3,4,5,6,7,8](AnchorGauss[1,2,3,4,5,6,7,8])(>[9,10](fold[1,3,4,8,2,9,10])(>[11,12](in2[11,12,3])(>[](in3[7,9,11,5])(in3[9,10,12,5])))))
(>[1,2,3,4,5,6,7,8](AnchorGauss[1,2,3,4,5,6,7,8])(>[9,10,11](in3[9,10,11,5])(>[12](in3[7,9,12,5])(>[](in2[9,10,3])(fold[1,3,4,8,2,11,12])))))	(>[1,2,3,4,5,6,7,8](AnchorGauss[1,2,3,4,5,6,7,8])(>[9,10,11](in3[9,10,11,5])(>[12](fold[1,3,4,8,2,11,12])(>[](in2[9,10,3])(in3[7,9,12,5])))))
(>[1,2,3,4,5,6,7,8](AnchorGauss[1,2,3,4,5,6,7,8])(>[9,10,11](in3[9,10,11,5])(>[12](in3[7,9,12,5])(>[](in2[9,10,3])(fold[1,3,4,8,2,12,11])))))	(>[1,2,3,4,5,6,7,8](AnchorGauss[1,2,3,4,5,6,7,8])(>[9,10](fold[1,3,4,8,2,9,10])(>[11,12](in2[11,12,3])(>[](in3[7,11,9,5])(in3[11,12,10,5])))))
(>[1,2,3,4,5,6,7,8](AnchorGauss[1,2,3,4,5,6,7,8])(>[9,10,11](in3[9,10,11,5])(>[](fold[1,3,4,8,2,10,9])(in3[7,10,11,5]))))	(>[1,2,3,4,5,6,7,8](AnchorGauss[1,2,3,4,5,6,7,8])(>[9,10](fold[1,3,4,8,2,9,10])(>[11](in3[7,9,11,5])(in3[10,9,11,5]))))
(>[1,2,3,4,5,6,7,8](AnchorGauss[1,2,3,4,5,6,7,8])(>[9,10,11](in3[9,10,11,5])(in3[10,9,11,5])))	(>[1,2,3,4,5,6,7,8](AnchorGauss[1,2,3,4,5,6,7,8])(>[9,10,11](in3[9,10,11,5])(in3[10,9,11,5])))
(>[1,2,3,4,5,6,7,8](AnchorGauss[1,2,3,4,5,6,7,8])(>[9,10](in2[9,10,3])(>[11,12](in3[7,11,12,4])(>[](in3[7,11,9,4])(fold[1,3,4,8,2,10,12])))))	(>[1,2,3,4,5,6,7,8](AnchorGauss[1,2,3,4,5,6,7,8])(>[9,10](fold[1,3,4,8,2,9,10])(>[11,12](in3[7,11,12,4])(>[](in2[12,9,3])(in3[7,11,10,4])))))
(>[1,2,3,4,5,6,7,8](AnchorGauss[1,2,3,4,5,6,7,8])(>[9,10](in2[9,10,3])(>[11,12](in3[7,11,12,4])(>[](in3[7,11,9,4])(fold[1,3,4,8,2,12,10])))))	(>[1,2,3,4,5,6,7,8](AnchorGauss[1,2,3,4,5,6,7,8])(>[9,10](fold[1,3,4,8,2,9,10])(>[11,12](in3[7,11,12,4])(>[](in3[7,11,9,4])(in2[12,10,3])))))
(>[1,2,3,4,5,6,7,8](AnchorGauss[1,2,3,4,5,6,7,8])(>[9,10](in2[9,10,3])(>[11,12](in3[7,11,12,4])(>[](in3[7,9,11,4])(fold[1,3,4,8,2,10,12])))))	(>[1,2,3,4,5,6,7,8](AnchorGauss[1,2,3,4,5,6,7,8])(>[9,10](fold[1,3,4,8,2,9,10])(>[11,12](in3[7,11,12,4])(>[](in2[11,9,3])(in3[7,12,10,4])))))
(>[1,2,3,4,5,6,7,8](AnchorGauss[1,2,3,4,5,6,7,8])(>[9,10](in2[9,10,3])(>[11,12](in3[7,11,12,4])(>[](in3[7,9,11,4])(fold[1,3,4,8,2,12,10])))))	(>[1,2,3,4,5,6,7,8](AnchorGauss[1,2,3,4,5,6,7,8])(>[9,10](fold[1,3,4,8,2,9,10])(>[11,12](in3[7,11,12,4])(>[](in3[7,12,9,4])(in2[11,10,3])))))
(>[1,2,3,4,5,6,7,8](AnchorGauss[1,2,3,4,5,6,7,8])(>[9,10](in2[9,10,3])(>[11,12](in3[7,11,12,4])(>[](in3[7,9,11,5])(fold[1,3,4,8,2,10,12])))))	(>[1,2,3,4,5,6,7,8](AnchorGauss[1,2,3,4,5,6,7,8])(>[9,10](fold[1,3,4,8,2,9,10])(>[11,12](in3[7,11,12,5])(>[](in2[11,9,3])(in3[7,12,10,4])))))
(>[1,2,3,4,5,6,7,8](AnchorGauss[1,2,3,4,5,6,7,8])(>[9,10](in2[9,10,3])(>[11,12](in3[7,11,12,4])(>[](in3[7,9,11,5])(fold[1,3,4,8,2,12,10])))))	(>[1,2,3,4,5,6,7,8](AnchorGauss[1,2,3,4,5,6,7,8])(>[9,10](fold[1,3,4,8,2,9,10])(>[11,12](in3[7,11,12,5])(>[](in3[7,12,9,4])(in2[11,10,3])))))
(>[1,2,3,4,5,6,7,8](AnchorGauss[1,2,3,4,5,6,7,8])(>[9,10](in2[9,10,3])(>[11,12](in3[7,11,12,5])(>[](in3[7,11,9,5])(fold[1,3,4,8,2,10,12])))))	(>[1,2,3,4,5,6,7,8](AnchorGauss[1,2,3,4,5,6,7,8])(>[9,10](fold[1,3,4,8,2,9,10])(>[11,12](in3[7,11,12,5])(>[](in2[12,9,3])(in3[7,11,10,5])))))
(>[1,2,3,4,5,6,7,8](AnchorGauss[1,2,3,4,5,6,7,8])(>[9,10](in2[9,10,3])(>[11,12](in3[7,11,12,5])(>[](in3[7,11,9,5])(fold[1,3,4,8,2,12,10])))))	(>[1,2,3,4,5,6,7,8](AnchorGauss[1,2,3,4,5,6,7,8])(>[9,10](fold[1,3,4,8,2,9,10])(>[11,12](in3[7,11,12,5])(>[](in3[7,11,9,5])(in2[12,10,3])))))
(>[1,2,3,4,5,6,7,8](AnchorGauss[1,2,3,4,5,6,7,8])(>[9,10](in2[9,10,3])(>[11,12](in3[7,11,12,5])(>[](in3[7,9,11,4])(fold[1,3,4,8,2,10,12])))))	(>[1,2,3,4,5,6,7,8](AnchorGauss[1,2,3,4,5,6,7,8])(>[9,10](fold[1,3,4,8,2,9,10])(>[11,12](in3[7,11,12,4])(>[](in2[11,9,3])(in3[7,12,10,5])))))
(>[1,2,3,4,5,6,7,8](AnchorGauss[1,2,3,4,5,6,7,8])(>[9,10](in2[9,10,3])(>[11,12](in3[7,11,12,5])(>[](in3[7,9,11,4])(fold[1,3,4,8,2,12,10])))))	(>[1,2,3,4,5,6,7,8](AnchorGauss[1,2,3,4,5,6,7,8])(>[9,10](fold[1,3,4,8,2,9,10])(>[11,12](in3[7,11,12,4])(>[](in3[7,12,9,5])(in2[11,10,3])))))
(>[1,2,3,4,5,6,7,8](AnchorGauss[1,2,3,4,5,6,7,8])(>[9,10](in2[9,10,3])(>[11,12](in3[7,11,12,5])(>[](in3[7,9,11,5])(fold[1,3,4,8,2,10,12])))))	(>[1,2,3,4,5,6,7,8](AnchorGauss[1,2,3,4,5,6,7,8])(>[9,10](fold[1,3,4,8,2,9,10])(>[11,12](in3[7,11,12,5])(>[](in2[11,9,3])(in3[7,12,10,5])))))
(>[1,2,3,4,5,6,7,8](AnchorGauss[1,2,3,4,5,6,7,8])(>[9,10](in2[9,10,3])(>[11,12](in3[7,11,12,5])(>[](in3[7,9,11,5])(fold[1,3,4,8,2,12,10])))))	(>[1,2,3,4,5,6,7,8](AnchorGauss[1,2,3,4,5,6,7,8])(>[9,10](fold[1,3,4,8,2,9,10])(>[11,12](in3[7,11,12,5])(>[](in3[7,12,9,5])(in2[11,10,3])))))
(>[1,2,3,4,5,6,7,8](AnchorGauss[1,2,3,4,5,6,7,8])(>[9,10](in2[9,10,3])(>[11](fold[1,3,4,8,2,11,9])(in3[7,11,10,4]))))	(>[1,2,3,4,5,6,7,8](AnchorGauss[1,2,3,4,5,6,7,8])(>[9,10](fold[1,3,4,8,2,9,10])(>[11](in3[7,9,11,4])(in2[10,11,3]))))
(>[1,2,3,4,5,6,7,8](AnchorGauss[1,2,3,4,5,6,7,8])(>[9,10](in2[9,10,3])(>[11](fold[1,3,4,8,2,11,9])(in3[7,11,10,5]))))	(>[1,2,3,4,5,6,7,8](AnchorGauss[1,2,3,4,5,6,7,8])(>[9,10](fold[1,3,4,8,2,9,10])(>[11](in3[7,9,11,5])(in2[10,11,3]))))
(>[1,2,3,4,5,6,7,8](AnchorGauss[1,2,3,4,5,6,7,8])(>[9,10](in2[9,10,3])(>[11](fold[1,3,4,8,2,9,11])(in3[10,9,11,4]))))	(>[1,2,3,4,5,6,7,8](AnchorGauss[1,2,3,4,5,6,7,8])(>[9,10,11](in3[9,10,11,4])(>[](in2[10,9,3])(fold[1,3,4,8,2,10,11]))))
(>[1,2,3,4,5,6,7,8](AnchorGauss[1,2,3,4,5,6,7,8])(>[9,10](in2[9,10,3])(>[11](fold[1,3,4,8,2,9,11])(in3[10,9,11,5]))))	(>[1,2,3,4,5,6,7,8](AnchorGauss[1,2,3,4,5,6,7,8])(>[9,10,11](in3[9,10,11,5])(>[](in2[10,9,3])(fold[1,3,4,8,2,10,11]))))
(>[1,2,3,4,5,6,7,8](AnchorGauss[1,2,3,4,5,6,7,8])(>[9,10](in2[9,10,3])(>[11](fold[1,3,4,8,2,9,11])(in3[11,9,10,4]))))	(>[1,2,3,4,5,6,7,8](AnchorGauss[1,2,3,4,5,6,7,8])(>[9,10,11](in3[9,10,11,4])(>[](fold[1,3,4,8,2,10,9])(in2[10,11,3]))))
(>[1,2,3,4,5,6,7,8](AnchorGauss[1,2,3,4,5,6,7,8])(>[9,10](in2[9,10,3])(>[11](fold[1,3,4,8,2,9,11])(in3[11,9,10,5]))))	(>[1,2,3,4,5,6,7,8](AnchorGauss[1,2,3,4,5,6,7,8])(>[9,10,11](in3[9,10,11,5])(>[](fold[1,3,4,8,2,10,9])(in2[10,11,3]))))
(>[1,2,3,4,5,6,7,8](AnchorGauss[1,2,3,4,5,6,7,8])(>[9,10](in2[9,10,3])(>[11](fold[1,3,4,8,2,9,11])(in3[7,10,11,4]))))	(>[1,2,3,4,5,6,7,8](AnchorGauss[1,2,3,4,5,6,7,8])(>[9,10](in2[9,10,3])(>[11](in3[7,10,11,4])(fold[1,3,4,8,2,9,11]))))
(>[1,2,3,4,5,6,7,8](AnchorGauss[1,2,3,4,5,6,7,8])(>[9,10](in2[9,10,3])(>[11](fold[1,3,4,8,2,9,11])(in3[7,10,11,5]))))	(>[1,2,3,4,5,6,7,8](AnchorGauss[1,2,3,4,5,6,7,8])(>[9,10](in2[9,10,3])(>[11](in3[7,10,11,5])(fold[1,3,4,8,2,9,11]))))
(>[1,2,3,4,5,6,7,8](AnchorGauss[1,2,3,4,5,6,7,8])(>[9,10](in2[9,10,3])(>[11](fold[1,3,4,8,2,9,11])(in3[7,11,10,4]))))	(>[1,2,3,4,5,6,7,8](AnchorGauss[1,2,3,4,5,6,7,8])(>[9,10](fold[1,3,4,8,2,9,10])(>[11](in3[7,10,11,4])(in2[9,11,3]))))
(>[1,2,3,4,5,6,7,8](AnchorGauss[1,2,3,4,5,6,7,8])(>[9,10](in2[9,10,3])(>[11](fold[1,3,4,8,2,9,11])(in3[7,11,10,5]))))	(>[1,2,3,4,5,6,7,8](AnchorGauss[1,2,3,4,5,6,7,8])(>[9,10](fold[1,3,4,8,2,9,10])(>[11](in3[7,10,11,5])(in2[9,11,3]))))
(>[1,2,3,4,5,6,7,8](AnchorGauss[1,2,3,4,5,6,7,8])(>[9,10](in2[9,10,3])(>[11](fold[1,3,4,8,2,9,11])(in3[9,10,11,4]))))	(>[1,2,3,4,5,6,7,8](AnchorGauss[1,2,3,4,5,6,7,8])(>[9,10,11](in3[9,10,11,4])(>[](in2[9,10,3])(fold[1,3,4,8,2,9,11]))))
(>[1,2,3,4,5,6,7,8](AnchorGauss[1,2,3,4,5,6,7,8])(>[9,10](in2[9,10,3])(>[11](fold[1,3,4,8,2,9,11])(in3[9,10,11,5]))))	(>[1,2,3,4,5,6,7,8](AnchorGauss[1,2,3,4,5,6,7,8])(>[9,10,11](in3[9,10,11,5])(>[](in2[9,10,3])(fold[1,3,4,8,2,9,11]))))
(>[1,2,3,4,5,6,7,8](AnchorGauss[1,2,3,4,5,6,7,8])(>[9,10](in2[9,10,3])(>[11](fold[1,3,4,8,2,9,11])(in3[9,11,10,4]))))	(>[1,2,3,4,5,6,7,8](AnchorGauss[1,2,3,4,5,6,7,8])(>[9,10,11](in3[9,10,11,4])(>[](fold[1,3,4,8,2,9,10])(in2[9,11,3]))))
(>[1,2,3,4,5,6,7,8](AnchorGauss[1,2,3,4,5,6,7,8])(>[9,10](in2[9,10,3])(>[11](fold[1,3,4,8,2,9,11])(in3[9,11,10,5]))))	(>[1,2,3,4,5,6,7,8](AnchorGauss[1,2,3,4,5,6,7,8])(>[9,10,11](in3[9,10,11,5])(>[](fold[1,3,4,8,2,9,10])(in2[9,11,3]))))
(>[1,2,3,4,5,6,7,8](AnchorGauss[1,2,3,4,5,6,7,8])(>[9,10](in2[9,10,3])(>[11](in3[7,11,9,4])(fold[1,3,4,8,2,11,10]))))	(>[1,2,3,4,5,6,7,8](AnchorGauss[1,2,3,4,5,6,7,8])(>[9,10](fold[1,3,4,8,2,9,10])(>[11](in3[7,9,11,4])(in2[11,10,3]))))
(>[1,2,3,4,5,6,7,8](AnchorGauss[1,2,3,4,5,6,7,8])(>[9,10](in2[9,10,3])(>[11](in3[7,11,9,4])(in3[7,11,10,4]))))	(>[1,2,3,4,5,6,7,8](AnchorGauss[1,2,3,4,5,6,7,8])(>[9,10](in3[7,9,10,4])(>[11](in3[7,9,11,4])(in2[10,11,3]))))
(>[1,2,3,4,5,6,7,8](AnchorGauss[1,2,3,4,5,6,7,8])(>[9,10](in2[9,10,3])(>[11](in3[7,11,9,5])(fold[1,3,4,8,2,11,10]))))	(>[1,2,3,4,5,6,7,8](AnchorGauss[1,2,3,4,5,6,7,8])(>[9,10](fold[1,3,4,8,2,9,10])(>[11](in3[7,9,11,5])(in2[11,10,3]))))
(>[1,2,3,4,5,6,7,8](AnchorGauss[1,2,3,4,5,6,7,8])(>[9,10](in2[9,10,3])(>[11](in3[7,11,9,5])(in3[7,11,10,5]))))	(>[1,2,3,4,5,6,7,8](AnchorGauss[1,2,3,4,5,6,7,8])(>[9,10](in3[7,9,10,5])(>[11](in3[7,9,11,5])(in2[10,11,3]))))
(>[1,2,3,4,5,6,7,8](AnchorGauss[1,2,3,4,5,6,7,8])(>[9,10](in2[9,10,3])(>[11](in3[7,9,11,4])(>[12](fold[1,3,4,8,2,9,12])(in3[10,11,12,4])))))	(>[1,2,3,4,5,6,7,8](AnchorGauss[1,2,3,4,5,6,7,8])(>[9,10,11](in3[9,10,11,4])(>[12](in2[12,9,3])(>[](in3[7,12,10,4])(fold[1,3,4,8,2,12,11])))))
(>[1,2,3,4,5,6,7,8](AnchorGauss[1,2,3,4,5,6,7,8])(>[9,10](in2[9,10,3])(>[11](in3[7,9,11,4])(>[12](fold[1,3,4,8,2,9,12])(in3[10,11,12,5])))))	(>[1,2,3,4,5,6,7,8](AnchorGauss[1,2,3,4,5,6,7,8])(>[9,10,11](in3[9,10,11,5])(>[12](in2[12,9,3])(>[](in3[7,12,10,4])(fold[1,3,4,8,2,12,11])))))
(>[1,2,3,4,5,6,7,8](AnchorGauss[1,2,3,4,5,6,7,8])(>[9,10](in2[9,10,3])(>[11](in3[7,9,11,4])(>[12](fold[1,3,4,8,2,9,12])(in3[10,12,11,4])))))	(>[1,2,3,4,5,6,7,8](AnchorGauss[1,2,3,4,5,6,7,8])(>[9,10,11](in3[9,10,11,4])(>[12](fold[1,3,4,8,2,12,10])(>[](in2[12,9,3])(in3[7,12,11,4])))))
(>[1,2,3,4,5,6,7,8](AnchorGauss[1,2,3,4,5,6,7,8])(>[9,10](in2[9,10,3])(>[11](in3[7,9,11,4])(>[12](fold[1,3,4,8,2,9,12])(in3[11,10,12,4])))))	(>[1,2,3,4,5,6,7,8](AnchorGauss[1,2,3,4,5,6,7,8])(>[9,10,11](in3[9,10,11,4])(>[12](in2[12,10,3])(>[](in3[7,12,9,4])(fold[1,3,4,8,2,12,11])))))
(>[1,2,3,4,5,6,7,8](AnchorGauss[1,2,3,4,5,6,7,8])(>[9,10](in2[9,10,3])(>[11](in3[7,9,11,4])(>[12](fold[1,3,4,8,2,9,12])(in3[11,10,12,5])))))	(>[1,2,3,4,5,6,7,8](AnchorGauss[1,2,3,4,5,6,7,8])(>[9,10,11](in3[9,10,11,5])(>[12](in2[12,10,3])(>[](in3[7,12,9,4])(fold[1,3,4,8,2,12,11])))))
(>[1,2,3,4,5,6,7,8](AnchorGauss[1,2,3,4,5,6,7,8])(>[9,10](in2[9,10,3])(>[11](in3[7,9,11,4])(>[12](fold[1,3,4,8,2,9,12])(in3[11,12,10,4])))))	(>[1,2,3,4,5,6,7,8](AnchorGauss[1,2,3,4,5,6,7,8])(>[9,10,11](in3[9,10,11,4])(>[12](fold[1,3,4,8,2,12,10])(>[](in3[7,12,9,4])(in2[12,11,3])))))
(>[1,2,3,4,5,6,7,8](AnchorGauss[1,2,3,4,5,6,7,8])(>[9,10](in2[9,10,3])(>[11](in3[7,9,11,4])(>[12](fold[1,3,4,8,2,9,12])(in3[11,12,10,5])))))	(>[1,2,3,4,5,6,7,8](AnchorGauss[1,2,3,4,5,6,7,8])(>[9,10,11](in3[9,10,11,5])(>[12](fold[1,3,4,8,2,12,10])(>[](in3[7,12,9,4])(in2[12,11,3])))))
(>[1,2,3,4,5,6,7,8](AnchorGauss[1,2,3,4,5,6,7,8])(>[9,10](in2[9,10,3])(>[11](in3[7,9,11,4])(>[12](fold[1,3,4,8,2,9,12])(in3[12,10,11,4])))))	(>[1,2,3,4,5,6,7,8](AnchorGauss[1,2,3,4,5,6,7,8])(>[9,10,11](in3[9,10,11,4])(>[12](fold[1,3,4,8,2,12,9])(>[](in2[12,10,3])(in3[7,12,11,4])))))
(>[1,2,3,4,5,6,7,8](AnchorGauss[1,2,3,4,5,6,7,8])(>[9,10](in2[9,10,3])(>[11](in3[7,9,11,4])(>[12](fold[1,3,4,8,2,9,12])(in3[12,11,10,4])))))	(>[1,2,3,4,5,6,7,8](AnchorGauss[1,2,3,4,5,6,7,8])(>[9,10,11](in3[9,10,11,4])(>[12](fold[1,3,4,8,2,12,9])(>[](in3[7,12,10,4])(in2[12,11,3])))))
(>[1,2,3,4,5,6,7,8](AnchorGauss[1,2,3,4,5,6,7,8])(>[9,10](in2[9,10,3])(>[11](in3[7,9,11,4])(>[12](fold[1,3,4,8,2,9,12])(in3[12,11,10,5])))))	(>[1,2,3,4,5,6,7,8](AnchorGauss[1,2,3,4,5,6,7,8])(>[9,10,11](in3[9,10,11,5])(>[12](fold[1,3,4,8,2,12,9])(>[](in3[7,12,10,4])(in2[12,11,3])))))
(>[1,2,3,4,5,6,7,8](AnchorGauss[1,2,3,4,5,6,7,8])(>[9,10](in2[9,10,3])(>[11](in3[7,9,11,4])(>[12](in3[7,10,12,4])(fold[1,3,4,8,2,11,12])))))	(>[1,2,3,4,5,6,7,8](AnchorGauss[1,2,3,4,5,6,7,8])(>[9,10](fold[1,3,4,8,2,9,10])(>[11,12](in2[11,12,3])(>[](in3[7,11,9,4])(in3[7,12,10,4])))))
(>[1,2,3,4,5,6,7,8](AnchorGauss[1,2,3,4,5,6,7,8])(>[9,10](in2[9,10,3])(>[11](in3[7,9,11,4])(>[12](in3[7,10,12,4])(fold[1,3,4,8,2,12,11])))))	(>[1,2,3,4,5,6,7,8](AnchorGauss[1,2,3,4,5,6,7,8])(>[9,10](fold[1,3,4,8,2,9,10])(>[11,12](in2[11,12,3])(>[](in3[7,12,9,4])(in3[7,11,10,4])))))
(>[1,2,3,4,5,6,7,8](AnchorGauss[1,2,3,4,5,6,7,8])(>[9,10](in2[9,10,3])(>[11](in3[7,9,11,4])(fold[1,3,4,8,2,10,11]))))	(>[1,2,3,4,5,6,7,8](AnchorGauss[1,2,3,4,5,6,7,8])(>[9,10](fold[1,3,4,8,2,9,10])(>[11](in2[11,9,3])(in3[7,11,10,4]))))
(>[1,2,3,4,5,6,7,8](AnchorGauss[1,2,3,4,5,6,7,8])(>[9,10](in2[9,10,3])(>[11](in3[7,9,11,4])(fold[1,3,4,8,2,11,10]))))	(>[1,2,3,4,5,6,7,8](AnchorGauss[1,2,3,4,5,6,7,8])(>[9,10](fold[1,3,4,8,2,9,10])(>[11](in3[7,11,9,4])(in2[11,10,3]))))
(>[1,2,3,4,5,6,7,8](AnchorGauss[1,2,3,4,5,6,7,8])(>[9,10](in2[9,10,3])(>[11](in3[7,9,11,4])(in3[10,9,11,4]))))	(>[1,2,3,4,5,6,7,8](AnchorGauss[1,2,3,4,5,6,7,8])(>[9,10,11](in3[9,10,11,4])(>[](in2[10,9,3])(in3[7,10,11,4]))))
(>[1,2,3,4,5,6,7,8](AnchorGauss[1,2,3,4,5,6,7,8])(>[9,10](in2[9,10,3])(>[11](in3[7,9,11,4])(in3[11,9,10,4]))))	(>[1,2,3,4,5,6,7,8](AnchorGauss[1,2,3,4,5,6,7,8])(>[9,10,11](in3[9,10,11,4])(>[](in3[7,10,9,4])(in2[10,11,3]))))
(>[1,2,3,4,5,6,7,8](AnchorGauss[1,2,3,4,5,6,7,8])(>[9,10](in2[9,10,3])(>[11](in3[7,9,11,4])(in3[11,9,10,5]))))	(>[1,2,3,4,5,6,7,8](AnchorGauss[1,2,3,4,5,6,7,8])(>[9,10,11](in3[9,10,11,5])(>[](in3[7,10,9,4])(in2[10,11,3]))))
(>[1,2,3,4,5,6,7,8](AnchorGauss[1,2,3,4,5,6,7,8])(>[9,10](in2[9,10,3])(>[11](in3[7,9,11,4])(in3[7,10,11,4]))))	(>[1,2,3,4,5,6,7,8](AnchorGauss[1,2,3,4,5,6,7,8])(>[9,10](in2[9,10,3])(>[11](in3[7,10,11,4])(in3[7,9,11,4]))))
(>[1,2,3,4,5,6,7,8](AnchorGauss[1,2,3,4,5,6,7,8])(>[9,10](in2[9,10,3])(>[11](in3[7,9,11,4])(in3[7,11,10,4]))))	(>[1,2,3,4,5,6,7,8](AnchorGauss[1,2,3,4,5,6,7,8])(>[9,10](in3[7,9,10,4])(>[11](in3[7,10,11,4])(in2[9,11,3]))))
(>[1,2,3,4,5,6,7,8](AnchorGauss[1,2,3,4,5,6,7,8])(>[9,10](in2[9,10,3])(>[11](in3[7,9,11,4])(in3[7,11,10,5]))))	(>[1,2,3,4,5,6,7,8](AnchorGauss[1,2,3,4,5,6,7,8])(>[9,10](in3[7,9,10,4])(>[11](in3[7,10,11,5])(in2[9,11,3]))))
(>[1,2,3,4,5,6,7,8](AnchorGauss[1,2,3,4,5,6,7,8])(>[9,10](in2[9,10,3])(>[11](in3[7,9,11,4])(in3[9,10,11,4]))))	(>[1,2,3,4,5,6,7,8](AnchorGauss[1,2,3,4,5,6,7,8])(>[9,10,11](in3[9,10,11,4])(>[](in2[9,10,3])(in3[7,9,11,4]))))
(>[1,2,3,4,5,6,7,8](AnchorGauss[1,2,3,4,5,6,7,8])(>[9,10](in2[9,10,3])(>[11](in3[7,9,11,4])(in3[9,11,10,5]))))	(>[1,2,3,4,5,6,7,8](AnchorGauss[1,2,3,4,5,6,7,8])(>[9,10,11](in3[9,10,11,5])(>[](in3[7,9,10,4])(in2[9,11,3]))))
(>[1,2,3,4,5,6,7,8](AnchorGauss[1,2,3,4,5,6,7,8])(>[9,10](in2[9,10,3])(>[11](in3[7,9,11,5])(>[12](fold[1,3,4,8,2,9,12])(in3[10,11,12,4])))))	(>[1,2,3,4,5,6,7,8](AnchorGauss[1,2,3,4,5,6,7,8])(>[9,10,11](in3[9,10,11,4])(>[12](in2[12,9,3])(>[](in3[7,12,10,5])(fold[1,3,4,8,2,12,11])))))
(>[1,2,3,4,5,6,7,8](AnchorGauss[1,2,3,4,5,6,7,8])(>[9,10](in2[9,10,3])(>[11](in3[7,9,11,5])(>[12](fold[1,3,4,8,2,9,12])(in3[10,11,12,5])))))	(>[1,2,3,4,5,6,7,8](AnchorGauss[1,2,3,4,5,6,7,8])(>[9,10,11](in3[9,10,11,5])(>[12](in2[12,9,3])(>[](in3[7,12,10,5])(fold[1,3,4,8,2,12,11])))))
(>[1,2,3,4,5,6,7,8](AnchorGauss[1,2,3,4,5,6,7,8])(>[9,10](in2[9,10,3])(>[11](in3[7,9,11,5])(>[12](fold[1,3,4,8,2,9,12])(in3[10,12,11,5])))))	(>[1,2,3,4,5,6,7,8](AnchorGauss[1,2,3,4,5,6,7,8])(>[9,10,11](in3[9,10,11,5])(>[12](fold[1,3,4,8,2,12,10])(>[](in2[12,9,3])(in3[7,12,11,5])))))
(>[1,2,3,4,5,6,7,8](AnchorGauss[1,2,3,4,5,6,7,8])(>[9,10](in2[9,10,3])(>[11](in3[7,9,11,5])(>[12](fold[1,3,4,8,2,9,12])(in3[11,10,12,4])))))	(>[1,2,3,4,5,6,7,8](AnchorGauss[1,2,3,4,5,6,7,8])(>[9,10,11](in3[9,10,11,4])(>[12](in2[12,10,3])(>[](in3[7,12,9,5])(fold[1,3,4,8,2,12,11])))))
(>[1,2,3,4,5,6,7,8](AnchorGauss[1,2,3,4,5,6,7,8])(>[9,10](in2[9,10,3])(>[11](in3[7,9,11,5])(>[12](fold[1,3,4,8,2,9,12])(in3[11,10,12,5])))))	(>[1,2,3,4,5,6,7,8](AnchorGauss[1,2,3,4,5,6,7,8])(>[9,10,11](in3[9,10,11,5])(>[12](in2[12,10,3])(>[](in3[7,12,9,5])(fold[1,3,4,8,2,12,11])))))
(>[1,2,3,4,5,6,7,8](AnchorGauss[1,2,3,4,5,6,7,8])(>[9,10](in2[9,10,3])(>[11](in3[7,9,11,5])(>[12](fold[1,3,4,8,2,9,12])(in3[11,12,10,4])))))	(>[1,2,3,4,5,6,7,8](AnchorGauss[1,2,3,4,5,6,7,8])(>[9,10,11](in3[9,10,11,4])(>[12](fold[1,3,4,8,2,12,10])(>[](in3[7,12,9,5])(in2[12,11,3])))))
(>[1,2,3,4,5,6,7,8](AnchorGauss[1,2,3,4,5,6,7,8])(>[9,10](in2[9,10,3])(>[11](in3[7,9,11,5])(>[12](fold[1,3,4,8,2,9,12])(in3[11,12,10,5])))))	(>[1,2,3,4,5,6,7,8](AnchorGauss[1,2,3,4,5,6,7,8])(>[9,10,11](in3[9,10,11,5])(>[12](fold[1,3,4,8,2,12,10])(>[](in3[7,12,9,5])(in2[12,11,3])))))
(>[1,2,3,4,5,6,7,8](AnchorGauss[1,2,3,4,5,6,7,8])(>[9,10](in2[9,10,3])(>[11](in3[7,9,11,5])(>[12](fold[1,3,4,8,2,9,12])(in3[12,10,11,5])))))	(>[1,2,3,4,5,6,7,8](AnchorGauss[1,2,3,4,5,6,7,8])(>[9,10,11](in3[9,10,11,5])(>[12](fold[1,3,4,8,2,12,9])(>[](in2[12,10,3])(in3[7,12,11,5])))))
(>[1,2,3,4,5,6,7,8](AnchorGauss[1,2,3,4,5,6,7,8])(>[9,10](in2[9,10,3])(>[11](in3[7,9,11,5])(>[12](fold[1,3,4,8,2,9,12])(in3[12,11,10,4])))))	(>[1,2,3,4,5,6,7,8](AnchorGauss[1,2,3,4,5,6,7,8])(>[9,10,11](in3[9,10,11,4])(>[12](fold[1,3,4,8,2,12,9])(>[](in3[7,12,10,5])(in2[12,11,3])))))
(>[1,2,3,4,5,6,7,8](AnchorGauss[1,2,3,4,5,6,7,8])(>[9,10](in2[9,10,3])(>[11](in3[7,9,11,5])(>[12](fold[1,3,4,8,2,9,12])(in3[12,11,10,5])))))	(>[1,2,3,4,5,6,7,8](AnchorGauss[1,2,3,4,5,6,7,8])(>[9,10,11](in3[9,10,11,5])(>[12](fold[1,3,4,8,2,12,9])(>[](in3[7,12,10,5])(in2[12,11,3])))))
(>[1,2,3,4,5,6,7,8](AnchorGauss[1,2,3,4,5,6,7,8])(>[9,10](in2[9,10,3])(>[11](in3[7,9,11,5])(>[12](in3[7,10,12,5])(fold[1,3,4,8,2,11,12])))))	(>[1,2,3,4,5,6,7,8](AnchorGauss[1,2,3,4,5,6,7,8])(>[9,10](fold[1,3,4,8,2,9,10])(>[11,12](in2[11,12,3])(>[](in3[7,11,9,5])(in3[7,12,10,5])))))
(>[1,2,3,4,5,6,7,8](AnchorGauss[1,2,3,4,5,6,7,8])(>[9,10](in2[9,10,3])(>[11](in3[7,9,11,5])(>[12](in3[7,10,12,5])(fold[1,3,4,8,2,12,11])))))	(>[1,2,3,4,5,6,7,8](AnchorGauss[1,2,3,4,5,6,7,8])(>[9,10](fold[1,3,4,8,2,9,10])(>[11,12](in2[11,12,3])(>[](in3[7,12,9,5])(in3[7,11,10,5])))))
(>[1,2,3,4,5,6,7,8](AnchorGauss[1,2,3,4,5,6,7,8])(>[9,10](in2[9,10,3])(>[11](in3[7,9,11,5])(fold[1,3,4,8,2,10,11]))))	(>[1,2,3,4,5,6,7,8](AnchorGauss[1,2,3,4,5,6,7,8])(>[9,10](fold[1,3,4,8,2,9,10])(>[11](in2[11,9,3])(in3[7,11,10,5]))))
(>[1,2,3,4,5,6,7,8](AnchorGauss[1,2,3,4,5,6,7,8])(>[9,10](in2[9,10,3])(>[11](in3[7,9,11,5])(fold[1,3,4,8,2,11,10]))))	(>[1,2,3,4,5,6,7,8](AnchorGauss[1,2,3,4,5,6,7,8])(>[9,10](fold[1,3,4,8,2,9,10])(>[11](in3[7,11,9,5])(in2[11,10,3]))))
(>[1,2,3,4,5,6,7,8](AnchorGauss[1,2,3,4,5,6,7,8])(>[9,10](in2[9,10,3])(>[11](in3[7,9,11,5])(in3[10,9,11,5]))))	(>[1,2,3,4,5,6,7,8](AnchorGauss[1,2,3,4,5,6,7,8])(>[9,10,11](in3[9,10,11,5])(>[](in2[10,9,3])(in3[7,10,11,5]))))
(>[1,2,3,4,5,6,7,8](AnchorGauss[1,2,3,4,5,6,7,8])(>[9,10](in2[9,10,3])(>[11](in3[7,9,11,5])(in3[11,9,10,4]))))	(>[1,2,3,4,5,6,7,8](AnchorGauss[1,2,3,4,5,6,7,8])(>[9,10,11](in3[9,10,11,4])(>[](in3[7,10,9,5])(in2[10,11,3]))))
(>[1,2,3,4,5,6,7,8](AnchorGauss[1,2,3,4,5,6,7,8])(>[9,10](in2[9,10,3])(>[11](in3[7,9,11,5])(in3[11,9,10,5]))))	(>[1,2,3,4,5,6,7,8](AnchorGauss[1,2,3,4,5,6,7,8])(>[9,10,11](in3[9,10,11,5])(>[](in3[7,10,9,5])(in2[10,11,3]))))
(>[1,2,3,4,5,6,7,8](AnchorGauss[1,2,3,4,5,6,7,8])(>[9,10](in2[9,10,3])(>[11](in3[7,9,11,5])(in3[7,10,11,5]))))	(>[1,2,3,4,5,6,7,8](AnchorGauss[1,2,3,4,5,6,7,8])(>[9,10](in2[9,10,3])(>[11](in3[7,10,11,5])(in3[7,9,11,5]))))
(>[1,2,3,4,5,6,7,8](AnchorGauss[1,2,3,4,5,6,7,8])(>[9,10](in2[9,10,3])(>[11](in3[7,9,11,5])(in3[7,11,10,4]))))	(>[1,2,3,4,5,6,7,8](AnchorGauss[1,2,3,4,5,6,7,8])(>[9,10](in3[7,9,10,4])(>[11](in3[7,11,9,5])(in2[11,10,3]))))
(>[1,2,3,4,5,6,7,8](AnchorGauss[1,2,3,4,5,6,7,8])(>[9,10](in2[9,10,3])(>[11](in3[7,9,11,5])(in3[7,11,10,5]))))	(>[1,2,3,4,5,6,7,8](AnchorGauss[1,2,3,4,5,6,7,8])(>[9,10](in3[7,9,10,5])(>[11](in3[7,10,11,5])(in2[9,11,3]))))
(>[1,2,3,4,5,6,7,8](AnchorGauss[1,2,3,4,5,6,7,8])(>[9,10](in2[9,10,3])(>[11](in3[7,9,11,5])(in3[9,10,11,5]))))	(>[1,2,3,4,5,6,7,8](AnchorGauss[1,2,3,4,5,6,7,8])(>[9,10,11](in3[9,10,11,5])(>[](in2[9,10,3])(in3[7,9,11,5]))))
(>[1,2,3,4,5,6,7,8](AnchorGauss[1,2,3,4,5,6,7,8])(>[9,10](in2[9,10,3])(>[11](in3[7,9,11,5])(in3[9,11,10,4]))))	(>[1,2,3,4,5,6,7,8](AnchorGauss[1,2,3,4,5,6,7,8])(>[9,10,11](in3[9,10,11,4])(>[](in3[7,9,10,5])(in2[9,11,3]))))
(>[1,2,3,4,5,6,7,8](AnchorGauss[1,2,3,4,5,6,7,8])(>[9,10](in2[9,10,3])(fold[1,3,4,8,2,9,10])))	(>[1,2,3,4,5,6,7,8](AnchorGauss[1,2,3,4,5,6,7,8])(>[9,10](fold[1,3,4,8,2,9,10])(in2[9,10,3])))
(>[1,2,3,4,5,6,7,8](AnchorGauss[1,2,3,4,5,6,7,8])(>[9,10](in2[9,10,3])(in3[7,9,10,4])))	(>[1,2,3,4,5,6,7,8](AnchorGauss[1,2,3,4,5,6,7,8])(>[9,10](in3[7,9,10,4])(in2[9,10,3])))
(>[1,2,3,4,5,6,7,8](AnchorGauss[1,2,3,4,5,6,7,8])(>[9,10](in2[9,10,3])(in3[7,9,10,5])))	(>[1,2,3,4,5,6,7,8](AnchorGauss[1,2,3,4,5,6,7,8])(>[9,10](in3[7,9,10,5])(in2[9,10,3])))
(>[1,2,3,4,5,6,7,8](AnchorGauss[1,2,3,4,5,6,7,8])(>[9,10](in3[7,9,10,4])(>[11,12](fold[1,3,4,8,2,11,12])(>[](in3[7,11,9,4])(in2[10,12,3])))))	(>[1,2,3,4,5,6,7,8](AnchorGauss[1,2,3,4,5,6,7,8])(>[9,10](in2[9,10,3])(>[11,12](in3[7,11,12,4])(>[](in3[7,12,9,4])(fold[1,3,4,8,2,11,10])))))
(>[1,2,3,4,5,6,7,8](AnchorGauss[1,2,3,4,5,6,7,8])(>[9,10](in3[7,9,10,4])(>[11,12](fold[1,3,4,8,2,11,12])(>[](in3[7,11,9,4])(in2[12,10,3])))))	(>[1,2,3,4,5,6,7,8](AnchorGauss[1,2,3,4,5,6,7,8])(>[9,10](fold[1,3,4,8,2,9,10])(>[11](in2[10,11,3])(>[12](in3[7,9,12,4])(in3[7,12,11,4])))))
(>[1,2,3,4,5,6,7,8](AnchorGauss[1,2,3,4,5,6,7,8])(>[9,10](in3[7,9,10,4])(>[11,12](fold[1,3,4,8,2,11,12])(>[](in3[7,11,9,5])(in2[10,12,3])))))	(>[1,2,3,4,5,6,7,8](AnchorGauss[1,2,3,4,5,6,7,8])(>[9,10](in2[9,10,3])(>[11,12](in3[7,11,12,5])(>[](in3[7,12,9,4])(fold[1,3,4,8,2,11,10])))))
(>[1,2,3,4,5,6,7,8](AnchorGauss[1,2,3,4,5,6,7,8])(>[9,10](in3[7,9,10,4])(>[11,12](fold[1,3,4,8,2,11,12])(>[](in3[7,11,9,5])(in2[12,10,3])))))	(>[1,2,3,4,5,6,7,8](AnchorGauss[1,2,3,4,5,6,7,8])(>[9,10](fold[1,3,4,8,2,9,10])(>[11](in2[10,11,3])(>[12](in3[7,9,12,5])(in3[7,12,11,4])))))
(>[1,2,3,4,5,6,7,8](AnchorGauss[1,2,3,4,5,6,7,8])(>[9,10](in3[7,9,10,4])(>[11,12](fold[1,3,4,8,2,11,12])(>[](in3[7,9,11,4])(in2[12,10,3])))))	(>[1,2,3,4,5,6,7,8](AnchorGauss[1,2,3,4,5,6,7,8])(>[9,10](fold[1,3,4,8,2,9,10])(>[11](in2[10,11,3])(>[12](in3[7,12,9,4])(in3[7,12,11,4])))))
(>[1,2,3,4,5,6,7,8](AnchorGauss[1,2,3,4,5,6,7,8])(>[9,10](in3[7,9,10,4])(>[11](fold[1,3,4,8,2,11,9])(>[12](in3[7,11,12,4])(in2[10,12,3])))))	(>[1,2,3,4,5,6,7,8](AnchorGauss[1,2,3,4,5,6,7,8])(>[9,10](fold[1,3,4,8,2,9,10])(>[11,12](in2[11,12,3])(>[](in3[7,10,11,4])(in3[7,9,12,4])))))
(>[1,2,3,4,5,6,7,8](AnchorGauss[1,2,3,4,5,6,7,8])(>[9,10](in3[7,9,10,4])(>[11](fold[1,3,4,8,2,11,9])(>[12](in3[7,11,12,4])(in2[12,10,3])))))	(>[1,2,3,4,5,6,7,8](AnchorGauss[1,2,3,4,5,6,7,8])(>[9,10](fold[1,3,4,8,2,9,10])(>[11,12](in2[11,12,3])(>[](in3[7,9,11,4])(in3[7,10,12,4])))))
(>[1,2,3,4,5,6,7,8](AnchorGauss[1,2,3,4,5,6,7,8])(>[9,10](in3[7,9,10,4])(>[11](fold[1,3,4,8,2,9,11])(in3[10,9,11,4]))))	(>[1,2,3,4,5,6,7,8](AnchorGauss[1,2,3,4,5,6,7,8])(>[9,10,11](in3[9,10,11,4])(>[](in3[7,10,9,4])(fold[1,3,4,8,2,10,11]))))
(>[1,2,3,4,5,6,7,8](AnchorGauss[1,2,3,4,5,6,7,8])(>[9,10](in3[7,9,10,4])(>[11](fold[1,3,4,8,2,9,11])(in3[10,9,11,5]))))	(>[1,2,3,4,5,6,7,8](AnchorGauss[1,2,3,4,5,6,7,8])(>[9,10,11](in3[9,10,11,5])(>[](in3[7,10,9,4])(fold[1,3,4,8,2,10,11]))))
(>[1,2,3,4,5,6,7,8](AnchorGauss[1,2,3,4,5,6,7,8])(>[9,10](in3[7,9,10,4])(>[11](fold[1,3,4,8,2,9,11])(in3[7,10,11,4]))))	(>[1,2,3,4,5,6,7,8](AnchorGauss[1,2,3,4,5,6,7,8])(>[9,10](in3[7,9,10,4])(>[11](in3[7,10,11,4])(fold[1,3,4,8,2,9,11]))))
(>[1,2,3,4,5,6,7,8](AnchorGauss[1,2,3,4,5,6,7,8])(>[9,10](in3[7,9,10,4])(>[11](fold[1,3,4,8,2,9,11])(in3[7,10,11,5]))))	(>[1,2,3,4,5,6,7,8](AnchorGauss[1,2,3,4,5,6,7,8])(>[9,10](in3[7,9,10,4])(>[11](in3[7,10,11,5])(fold[1,3,4,8,2,9,11]))))
(>[1,2,3,4,5,6,7,8](AnchorGauss[1,2,3,4,5,6,7,8])(>[9,10](in3[7,9,10,4])(>[11](fold[1,3,4,8,2,9,11])(in3[7,11,10,4]))))	(>[1,2,3,4,5,6,7,8](AnchorGauss[1,2,3,4,5,6,7,8])(>[9,10](fold[1,3,4,8,2,9,10])(>[11](in3[7,10,11,4])(in3[7,9,11,4]))))
(>[1,2,3,4,5,6,7,8](AnchorGauss[1,2,3,4,5,6,7,8])(>[9,10](in3[7,9,10,4])(>[11](fold[1,3,4,8,2,9,11])(in3[9,10,11,5]))))	(>[1,2,3,4,5,6,7,8](AnchorGauss[1,2,3,4,5,6,7,8])(>[9,10,11](in3[9,10,11,5])(>[](in3[7,9,10,4])(fold[1,3,4,8,2,9,11]))))
(>[1,2,3,4,5,6,7,8](AnchorGauss[1,2,3,4,5,6,7,8])(>[9,10](in3[7,9,10,4])(>[11](fold[1,3,4,8,2,9,11])(in3[9,11,10,4]))))	(>[1,2,3,4,5,6,7,8](AnchorGauss[1,2,3,4,5,6,7,8])(>[9,10,11](in3[9,10,11,4])(>[](fold[1,3,4,8,2,9,10])(in3[7,9,11,4]))))
(>[1,2,3,4,5,6,7,8](AnchorGauss[1,2,3,4,5,6,7,8])(>[9,10](in3[7,9,10,4])(>[11](in3[7,9,11,4])(fold[1,3,4,8,2,10,11]))))	(>[1,2,3,4,5,6,7,8](AnchorGauss[1,2,3,4,5,6,7,8])(>[9,10](fold[1,3,4,8,2,9,10])(>[11](in3[7,11,9,4])(in3[7,11,10,4]))))
(>[1,2,3,4,5,6,7,8](AnchorGauss[1,2,3,4,5,6,7,8])(>[9,10](in3[7,9,10,4])(fold[1,3,4,8,2,9,10])))	(>[1,2,3,4,5,6,7,8](AnchorGauss[1,2,3,4,5,6,7,8])(>[9,10](fold[1,3,4,8,2,9,10])(in3[7,9,10,4])))
(>[1,2,3,4,5,6,7,8](AnchorGauss[1,2,3,4,5,6,7,8])(>[9,10](in3[7,9,10,5])(>[11,12](fold[1,3,4,8,2,11,12])(>[](in3[7,11,9,4])(in2[10,12,3])))))	(>[1,2,3,4,5,6,7,8](AnchorGauss[1,2,3,4,5,6,7,8])(>[9,10](in2[9,10,3])(>[11,12](in3[7,11,12,4])(>[](in3[7,12,9,5])(fold[1,3,4,8,2,11,10])))))
(>[1,2,3,4,5,6,7,8](AnchorGauss[1,2,3,4,5,6,7,8])(>[9,10](in3[7,9,10,5])(>[11,12](fold[1,3,4,8,2,11,12])(>[](in3[7,11,9,4])(in2[12,10,3])))))	(>[1,2,3,4,5,6,7,8](AnchorGauss[1,2,3,4,5,6,7,8])(>[9,10](fold[1,3,4,8,2,9,10])(>[11](in2[10,11,3])(>[12](in3[7,9,12,4])(in3[7,12,11,5])))))
(>[1,2,3,4,5,6,7,8](AnchorGauss[1,2,3,4,5,6,7,8])(>[9,10](in3[7,9,10,5])(>[11,12](fold[1,3,4,8,2,11,12])(>[](in3[7,11,9,5])(in2[10,12,3])))))	(>[1,2,3,4,5,6,7,8](AnchorGauss[1,2,3,4,5,6,7,8])(>[9,10](in2[9,10,3])(>[11,12](in3[7,11,12,5])(>[](in3[7,12,9,5])(fold[1,3,4,8,2,11,10])))))
(>[1,2,3,4,5,6,7,8](AnchorGauss[1,2,3,4,5,6,7,8])(>[9,10](in3[7,9,10,5])(>[11,12](fold[1,3,4,8,2,11,12])(>[](in3[7,11,9,5])(in2[12,10,3])))))	(>[1,2,3,4,5,6,7,8](AnchorGauss[1,2,3,4,5,6,7,8])(>[9,10](fold[1,3,4,8,2,9,10])(>[11](in2[10,11,3])(>[12](in3[7,9,12,5])(in3[7,12,11,5])))))
(>[1,2,3,4,5,6,7,8](AnchorGauss[1,2,3,4,5,6,7,8])(>[9,10](in3[7,9,10,5])(>[11,12](fold[1,3,4,8,2,11,12])(>[](in3[7,9,11,5])(in2[12,10,3])))))	(>[1,2,3,4,5,6,7,8](AnchorGauss[1,2,3,4,5,6,7,8])(>[9,10](fold[1,3,4,8,2,9,10])(>[11](in2[10,11,3])(>[12](in3[7,12,9,5])(in3[7,12,11,5])))))
(>[1,2,3,4,5,6,7,8](AnchorGauss[1,2,3,4,5,6,7,8])(>[9,10](in3[7,9,10,5])(>[11](fold[1,3,4,8,2,11,9])(>[12](in3[7,11,12,5])(in2[10,12,3])))))	(>[1,2,3,4,5,6,7,8](AnchorGauss[1,2,3,4,5,6,7,8])(>[9,10](fold[1,3,4,8,2,9,10])(>[11,12](in2[11,12,3])(>[](in3[7,10,11,5])(in3[7,9,12,5])))))
(>[1,2,3,4,5,6,7,8](AnchorGauss[1,2,3,4,5,6,7,8])(>[9,10](in3[7,9,10,5])(>[11](fold[1,3,4,8,2,11,9])(>[12](in3[7,11,12,5])(in2[12,10,3])))))	(>[1,2,3,4,5,6,7,8](AnchorGauss[1,2,3,4,5,6,7,8])(>[9,10](fold[1,3,4,8,2,9,10])(>[11,12](in2[11,12,3])(>[](in3[7,9,11,5])(in3[7,10,12,5])))))
(>[1,2,3,4,5,6,7,8](AnchorGauss[1,2,3,4,5,6,7,8])(>[9,10](in3[7,9,10,5])(>[11](fold[1,3,4,8,2,9,11])(in3[10,9,11,4]))))	(>[1,2,3,4,5,6,7,8](AnchorGauss[1,2,3,4,5,6,7,8])(>[9,10,11](in3[9,10,11,4])(>[](in3[7,10,9,5])(fold[1,3,4,8,2,10,11]))))
(>[1,2,3,4,5,6,7,8](AnchorGauss[1,2,3,4,5,6,7,8])(>[9,10](in3[7,9,10,5])(>[11](fold[1,3,4,8,2,9,11])(in3[10,9,11,5]))))	(>[1,2,3,4,5,6,7,8](AnchorGauss[1,2,3,4,5,6,7,8])(>[9,10,11](in3[9,10,11,5])(>[](in3[7,10,9,5])(fold[1,3,4,8,2,10,11]))))
(>[1,2,3,4,5,6,7,8](AnchorGauss[1,2,3,4,5,6,7,8])(>[9,10](in3[7,9,10,5])(>[11](fold[1,3,4,8,2,9,11])(in3[7,10,11,4]))))	(>[1,2,3,4,5,6,7,8](AnchorGauss[1,2,3,4,5,6,7,8])(>[9,10](in3[7,9,10,4])(>[11](in3[7,11,9,5])(fold[1,3,4,8,2,11,10]))))
(>[1,2,3,4,5,6,7,8](AnchorGauss[1,2,3,4,5,6,7,8])(>[9,10](in3[7,9,10,5])(>[11](fold[1,3,4,8,2,9,11])(in3[7,10,11,5]))))	(>[1,2,3,4,5,6,7,8](AnchorGauss[1,2,3,4,5,6,7,8])(>[9,10](in3[7,9,10,5])(>[11](in3[7,10,11,5])(fold[1,3,4,8,2,9,11]))))
(>[1,2,3,4,5,6,7,8](AnchorGauss[1,2,3,4,5,6,7,8])(>[9,10](in3[7,9,10,5])(>[11](fold[1,3,4,8,2,9,11])(in3[7,11,10,5]))))	(>[1,2,3,4,5,6,7,8](AnchorGauss[1,2,3,4,5,6,7,8])(>[9,10](fold[1,3,4,8,2,9,10])(>[11](in3[7,10,11,5])(in3[7,9,11,5]))))
(>[1,2,3,4,5,6,7,8](AnchorGauss[1,2,3,4,5,6,7,8])(>[9,10](in3[7,9,10,5])(>[11](fold[1,3,4,8,2,9,11])(in3[9,10,11,4]))))	(>[1,2,3,4,5,6,7,8](AnchorGauss[1,2,3,4,5,6,7,8])(>[9,10,11](in3[9,10,11,4])(>[](in3[7,9,10,5])(fold[1,3,4,8,2,9,11]))))
(>[1,2,3,4,5,6,7,8](AnchorGauss[1,2,3,4,5,6,7,8])(>[9,10](in3[7,9,10,5])(>[11](fold[1,3,4,8,2,9,11])(in3[9,11,10,5]))))	(>[1,2,3,4,5,6,7,8](AnchorGauss[1,2,3,4,5,6,7,8])(>[9,10,11](in3[9,10,11,5])(>[](fold[1,3,4,8,2,9,10])(in3[7,9,11,5]))))
(>[1,2,3,4,5,6,7,8](AnchorGauss[1,2,3,4,5,6,7,8])(>[9,10](in3[7,9,10,5])(>[11](in3[7,9,11,5])(fold[1,3,4,8,2,10,11]))))	(>[1,2,3,4,5,6,7,8](AnchorGauss[1,2,3,4,5,6,7,8])(>[9,10](fold[1,3,4,8,2,9,10])(>[11](in3[7,11,9,5])(in3[7,11,10,5]))))
(>[1,2,3,4,5,6,7,8](AnchorGauss[1,2,3,4,5,6,7,8])(>[9,10](in3[7,9,10,5])(fold[1,3,4,8,2,9,10])))	(>[1,2,3,4,5,6,7,8](AnchorGauss[1,2,3,4,5,6,7,8])(>[9,10](fold[1,3,4,8,2,9,10])(in3[7,9,10,5])))
