(>[1,2,3,4,5,6](AnchorPeano[1,2,3,4,5,6])(>[7,8,9](in3[7,8,9,4])(>[10,11,12](in3[10,11,12,4])(>[13](in3[13,10,7,5])(>[](in3[13,11,8,5])(in3[13,12,9,5]))))))
(>[1,2,3,4,5,6](AnchorPeano[1,2,3,4,5,6])(>[7,8,9](in3[7,8,9,4])(>[10,11,12](in3[10,11,12,4])(>[](in3[8,7,11,4])(in3[10,9,12,4])))))
(>[1,2,3,4,5,6](AnchorPeano[1,2,3,4,5,6])(>[7,8,9](in3[7,8,9,4])(>[10,11](in3[8,10,11,4])(>[12](in3[12,10,7,4])(in3[11,12,9,4])))))
(>[1,2,3,4,5,6](AnchorPeano[1,2,3,4,5,6])(>[7,8,9](in3[7,8,9,4])(>[10](in2[8,10,3])(>[11](in2[11,7,3])(in3[10,11,9,4])))))
(>[1,2,3,4,5,6](AnchorPeano[1,2,3,4,5,6])(>[7,8,9](in3[7,8,9,4])(>[10](in3[7,10,9,4])(=[8,10]))))
(>[1,2,3,4,5,6](AnchorPeano[1,2,3,4,5,6])(>[7,8,9](in3[7,8,9,4])(>[](=[8,9])(=[2,7]))))
(>[1,2,3,4,5,6](AnchorPeano[1,2,3,4,5,6])(>[7,8,9](in3[7,8,9,4])(in3[8,7,9,4])))
(>[1,2,3,4,5,6](AnchorPeano[1,2,3,4,5,6])(>[7,8,9](in3[7,8,9,5])(>[10,11,12](in3[10,11,12,5])(>[](in3[8,7,11,5])(in3[10,9,12,5])))))
(>[1,2,3,4,5,6](AnchorPeano[1,2,3,4,5,6])(>[7,8,9](in3[7,8,9,5])(>[10,11](in3[7,10,11,5])(>[12,13](in3[7,12,13,5])(>[](in3[8,10,12,4])(in3[9,11,13,4]))))))
(>[1,2,3,4,5,6](AnchorPeano[1,2,3,4,5,6])(>[7,8,9](in3[7,8,9,5])(>[10,11](in3[8,10,11,5])(>[12](in3[12,10,7,5])(in3[11,12,9,5])))))
(>[1,2,3,4,5,6](AnchorPeano[1,2,3,4,5,6])(>[7,8,9](in3[7,8,9,5])(in3[8,7,9,5])))
(>[1,2,3,4,5,6](AnchorPeano[1,2,3,4,5,6])(>[7,8]!(=[7,8])(>[](in3[8,7,2,4])!(=[2,7]))))
(>[1,2,3,4,5,6](AnchorPeano[1,2,3,4,5,6])(>[7,8](=[7,8])(>[](in3[8,7,2,5])(=[2,8]))))
(>[1,2,3,4,5,6](AnchorPeano[1,2,3,4,5,6])(>[7,8](in2[7,8,3])(>[9,10](in2[9,10,3])(or0[8,10,7,9]))))
(>[1,2,3,4,5,6](AnchorPeano[1,2,3,4,5,6])(>[7,8](in2[7,8,3])(>[](in2[8,6,3])!(=[6,7]))))
(>[1,2,3,4,5,6](AnchorPeano[1,2,3,4,5,6])(>[7,8](in2[7,8,3])(in3[6,7,8,4])))
(>[1,2,3,4,5,6](AnchorPeano[1,2,3,4,5,6])(>[7,8](in3[2,7,8,5])(in3[7,2,8,5])))
(>[1,2,3,4,5,6](AnchorPeano[1,2,3,4,5,6])(>[7,8](in3[6,7,8,4])(in3[7,6,8,4])))
(>[1,2,3,4,5,6](AnchorPeano[1,2,3,4,5,6])(>[7,8](in3[6,7,8,5])(in3[7,6,8,5])))
(>[1,2,3,4,5,6](AnchorPeano[1,2,3,4,5,6])(>[7,8](in3[7,2,8,4])(in3[2,7,8,4])))
(>[1,2,3,4,5,6](AnchorPeano[1,2,3,4,5,6])(>[7,8](in3[7,2,8,5])(in3[2,7,8,5])))
(>[1,2,3,4,5,6](AnchorPeano[1,2,3,4,5,6])(>[7,8](in3[7,6,8,4])(in2[7,8,3])))
(>[1,2,3,4,5,6](AnchorPeano[1,2,3,4,5,6])(>[7,8](in3[7,6,8,5])(in3[6,7,8,5])))
(>[1,2,3,4,5,6](AnchorPeano[1,2,3,4,5,6])(>[7,8](in3[7,8,2,4])(>[](in[8,1])(=[2,7]))))
(>[1,2,3,4,5,6](AnchorPeano[1,2,3,4,5,6])(>[7,8](in3[7,8,2,4])(in3[8,7,2,4])))
(>[1,2,3,4,5,6](AnchorPeano[1,2,3,4,5,6])(>[7,8](in3[7,8,2,5])(in3[8,7,2,5])))
(>[1,2,3,4,5,6](AnchorPeano[1,2,3,4,5,6])(>[7,8](in3[7,8,6,4])(in3[8,7,6,4])))
(>[1,2,3,4,5,6](AnchorPeano[1,2,3,4,5,6])(>[7,8](in3[7,8,6,5])(in3[8,7,6,5])))
(>[1,2,3,4,5,6](AnchorPeano[1,2,3,4,5,6])(>[7,8](preorder[1,4,7,8])(>[](preorder[1,4,8,7])(=[7,8]))))
(>[1,2,3,4,5,6](AnchorPeano[1,2,3,4,5,6])(>[7](=[6,7])(existence3[1,7,3])))
(>[1,2,3,4,5,6](AnchorPeano[1,2,3,4,5,6])(>[7](in[7,1])(>[8](in3[2,7,8,4])(=[7,8]))))
(>[1,2,3,4,5,6](AnchorPeano[1,2,3,4,5,6])(>[7](in[7,1])(>[8](in3[2,7,8,5])(=[2,8]))))
(>[1,2,3,4,5,6](AnchorPeano[1,2,3,4,5,6])(>[7](in[7,1])(>[8](in3[6,7,8,5])(=[7,8]))))
(>[1,2,3,4,5,6](AnchorPeano[1,2,3,4,5,6])(>[7](in[7,1])(>[8](in3[6,8,7,5])(=[7,8]))))
(>[1,2,3,4,5,6](AnchorPeano[1,2,3,4,5,6])(>[7](in[7,1])(or1[1,7,3,2])))
(>[1,2,3,4,5,6](AnchorPeano[1,2,3,4,5,6])(existence3[1,6,3]))
(>[1,2,3,4,5,6](AnchorPeano[1,2,3,4,5,6])(>[7](in[7,1])(or1[1,7,3,2])))
(>[1,2,3,4,5,6](AnchorPeano[1,2,3,4,5,6])(>[7,8,9](in3[7,8,9,4])(>[10,11](in3[10,7,11,5])(>[12](in3[10,8,12,5])(>[13](in3[10,9,13,5])(in3[11,12,13,4]))))))
(>[1,2,3,4,5,6](AnchorPeano[1,2,3,4,5,6])(>[7,8,9](in3[7,8,9,4])(>[10](in3[8,7,10,4])(>[11,12](in3[11,9,12,4])(in3[11,10,12,4])))))
(>[1,2,3,4,5,6](AnchorPeano[1,2,3,4,5,6])(>[7,8,9](in3[7,8,9,4])(>[10,11](in3[10,8,11,4])(>[12](in3[9,10,12,4])(in3[11,7,12,4])))))
(>[1,2,3,4,5,6](AnchorPeano[1,2,3,4,5,6])(>[7,8](in2[7,8,3])(>[9,10](in2[9,10,3])(>[11](in3[8,9,11,4])(in3[10,7,11,4])))))
(>[1,2,3,4,5,6](AnchorPeano[1,2,3,4,5,6])(>[7,8,9](in3[7,8,9,5])(>[10](in3[8,7,10,5])(>[11,12](in3[11,9,12,5])(in3[11,10,12,5])))))
(>[1,2,3,4,5,6](AnchorPeano[1,2,3,4,5,6])(>[7,8,9](in3[7,8,9,5])(>[10,11](in3[7,10,11,5])(>[12](in3[8,10,12,4])(>[13](in3[9,11,13,4])(in3[7,12,13,5]))))))
(>[1,2,3,4,5,6](AnchorPeano[1,2,3,4,5,6])(>[7,8,9](in3[7,8,9,5])(>[10,11](in3[10,8,11,5])(>[12](in3[9,10,12,5])(in3[11,7,12,5])))))
(>[1,2,3,4,5,6](AnchorPeano[1,2,3,4,5,6])(>[7,8](in3[6,7,8,4])(in2[7,8,3])))
(>[1,2,3,4,5,6](AnchorPeano[1,2,3,4,5,6])(>[7,8](in3[7,6,8,4])(in3[6,7,8,4])))
(>[1,2,3,4,5,6](AnchorPeano[1,2,3,4,5,6])(>[7,8](in3[2,7,8,4])(in3[7,2,8,4])))
(>[1,2,3,4,5,6](AnchorPeano[1,2,3,4,5,6])(>[7,8](in2[7,8,3])(in3[7,6,8,4])))
